0 1.44897 1.19931 0.87459 0.959831 1.02935 0.795765 0.705638 1.08821 0.783092 0.731448 1.51161 0.845029 0.972937 0.799764 1.03699 1.68545 1.03916 0.974617 1.22165 1.32135 1.50888 1.2698 1.60157 1.55541 1.15345 1.09482 1.37073 1.37323 0.871874 1.75585 1.36513 1.74435 0.89054 1.58207 1.38827 1.51581
1.44897 0 1.08479 0.952341 0.885053 0.818717 0.863917 1.21562 0.994969 0.924471 1.10084 1.08387 0.989768 0.946091 0.764792 0.967593 1.10333 2.11577 1.07818 0.99492 1.3143 2.12387 1.92137 0.930948 0.881766 0.88507 0.901213 0.869841 0.971371 0.82179 0.952936 1.31267 0.817035 0.864067 0.869022 0.843858 0.818565
1.19931 1.08479 0 1.09177 1.1194 1.30629 0.71226 0.768914 1.37715 1.15041 0.942715 1.41637 1.20211 0.873661 0.986981 0.823662 1.51294 1.63544 0.954095 0.616828 0.724978 1.95841 1.61654 0.9534 1.23581 1.17169 1.21466 1.30724 1.40487 1.08946 1.27979 1.645 1.28289 1.21824 1.13924 1.07249 0.993794
0.87459 0.952341 1.09177 0 0.65503 0.590115 0.883922 0.709231 0.501708 0.619902 0.815499 1.29606 0.473566 0.508516 0.831887 0.68288 0.800268 1.88234 0.918522 0.819973 0.565667 1.65365 1.81849 0.875921 0.87792 0.653004 0.782122 0.771503 0.707326 0.484499 0.98867 0.854912 1.31023 0.525992 1.07043 0.521459 0.54188
0.959831 0.885053 1.1194 0.65503 0 0.591318 0.675905 0.957133 0.611461 0.592258 0.727552 0.84019 0.575982 0.665144 0.518623 1.02252 1.26332 1.8069 0.825595 0.966817 1.07777 1.708 1.84004 0.77198 1.17876 0.866692 1.1883 0.617067 1.06544 0.739212 1.38254 1.12565 0.941684 0.393084 1.1302 0.77935 0.873432
1.02935 0.818717 1.30629 0.590115 0.591318 0 0.838479 0.941419 0.37845 0.718258 0.719044 1.0879 0.48972 0.479426 0.807136 0.595866 0.90093 1.95421 0.674052 1.15909 0.911008 1.50722 1.77731 0.675632 0.739708 0.680154 0.703199 0.714996 0.924774 0.665241 0.860348 1.00409 0.873857 0.583547 1.13153 0.587513 0.446914
0.795765 0.863917 0.71226 0.883922 0.675905 0.838479 0 0.662882 0.931543 0.631184 0.6687 0.931592 0.840485 0.6752 0.582832 0.828591 1.22147 1.22846 0.612057 0.546939 0.877351 1.93983 1.56581 0.746696 1.01762 0.76688 0.865889 0.859467 1.07489 0.813054 1.1911 1.37398 0.906634 0.769689 0.938394 0.925414 0.894682
0.705638 1.21562 0.768914 0.709231 0.957133 0.941419 0.662882 0 0.954298 0.881623 0.343657 1.47397 0.833803 0.547159 0.68031 0.540791 1.03664 1.25628 0.55401 0.457336 0.408319 1.47765 1.29349 0.825419 0.760113 0.777086 0.70356 0.890574 0.973486 0.744669 0.995223 1.28907 1.42305 0.964317 1.24291 0.769913 0.660081
1.08821 0.994969 1.37715 0.501708 0.611461 0.37845 0.931543 0.954298 0 0.641036 0.735367 0.903923 0.367796 0.627539 0.978459 0.779371 0.960243 1.98072 0.717754 1.1543 0.949266 1.41944 1.78458 0.886851 0.938584 0.83431 0.766745 0.761312 0.949002 0.694729 1.05912 0.805829 0.975109 0.396361 1.2815 0.759213 0.681438
0.783092 0.924471 1.15041 0.619902 0.592258 0.718258 0.631184 0.881623 0.641036 0 0.761361 1.02072 0.547193 0.717319 0.718934 0.821743 1.18501 1.64761 0.740686 0.837224 0.999236 1.67277 1.72247 0.876175 1.114 0.946268 0.976768 0.800193 1.11171 0.776683 1.18949 0.999926 1.02918 0.527969 1.23737 0.855435 0.797971
0.731448 1.10084 0.942715 0.815499 0.727552 0.719044 0.6687 0.343657 0.735367 0.761361 0 1.3226 0.541445 0.540061 0.706323 0.583064 1.07948 1.28082 0.353744 0.578151 0.503978 1.30425 1.20493 0.797278 0.840733 0.847553 0.826707 0.792399 1.00719 0.77011 1.06096 1.08291 1.20023 0.747502 1.38962 0.8446 0.649143
1.51161 1.08387 1.41637 1.29606 0.84019 1.0879 0.931592 1.47397 0.903923 1.02072 1.3226 0 0.99442 1.16457 0.61919 1.31416 1.67133 2.3346 1.24593 1.33966 1.57826 2.01613 2.17957 1.22744 1.52381 1.29775 1.40156 1.19228 1.50693 1.27698 1.55728 1.31687 0.741537 0.779015 1.0024 1.30561 1.33854
0.845029 0.989768 1.20211 0.473566 0.575982 0.48972 0.840485 0.833803 0.367796 0.547193 0.541445 0.99442 0 0.553194 0.687019 0.826952 1.01021 1.7353 0.641948 0.963507 0.752374 1.49686 1.64104 1.03164 0.952795 0.848763 0.882432 0.71658 0.99653 0.520698 1.15706 0.791715 1.06481 0.395039 1.27033 0.817867 0.656939
0.972937 0.946091 0.873661 0.508516 0.665144 0.479426 0.6752 0.547159 0.627539 0.717319 0.540061 1.16457 0.553194 0 0.760638 0.369715 0.770553 1.3898 0.620843 0.781358 0.520662 1.64078 1.64024 0.594973 0.671173 0.63713 0.566022 0.770035 0.744629 0.430666 0.695117 1.04421 1.12579 0.681992 1.07984 0.515797 0.40975
0.799764 0.764792 0.986981 0.831887 0.518623 0.807136 0.582832 0.68031 0.978459 0.718934 0.706323 0.61919 0.687019 0.760638 0 0.510011 0.914995 1.71359 1.00326 0.86122 0.955219 1.89482 1.75334 0.657916 0.610044 0.502724 0.455175 0.518264 0.772559 0.367291 0.827545 1.24137 0.991536 0.671398 0.888941 0.592044 0.605652
1.03699 0.967593 0.823662 0.68288 1.02252 0.595866 0.828591 0.540791 0.779371 0.821743 0.583064 1.31416 0.826952 0.369715 0.510011 0 0.749663 1.5938 0.790966 0.704006 0.477331 1.76762 1.6379 0.551362 0.600605 0.527176 0.573659 0.95366 0.643059 0.418661 0.758849 1.23168 1.23162 0.871218 1.00888 0.446636 0.36026
1.68545 1.10333 1.51294 0.800268 1.26332 0.90093 1.22147 1.03664 0.960243 1.18501 1.07948 1.67133 1.01021 0.770553 0.914995 0.749663 0 2.27165 1.3259 1.12424 0.962556 1.99652 2.05648 0.900847 0.594353 0.455245 0.52368 1.22981 0.414021 0.776711 0.664558 1.44499 1.32225 1.22179 0.936819 0.623864 0.690294
1.03916 2.11577 1.63544 1.88234 1.8069 1.95421 1.22846 1.25628 1.98072 1.64761 1.28082 2.3346 1.7353 1.3898 1.71359 1.5938 2.27165 0 1.42464 1.30612 1.50945 1.6577 1.50482 1.5928 2.08851 1.82897 2.01504 1.84459 2.11398 1.95711 2.26453 2.1511 2.32722 1.92359 2.27005 1.93787 1.71636
0.974617 1.07818 0.954095 0.918522 0.825595 0.674052 0.612057 0.55401 0.717754 0.740686 0.353744 1.24593 0.641948 0.620843 1.00326 0.790966 1.3259 1.42464 0 0.678577 0.652637 1.28104 1.25185 0.963419 1.16508 1.07876 1.06062 0.876663 1.29076 1.02346 1.27246 1.08045 1.1129 0.755034 1.52425 1.02275 0.880654
1.22165 0.99492 0.616828 0.819973 0.966817 1.15909 0.546939 0.457336 1.1543 0.837224 0.578151 1.33966 0.963507 0.781358 0.86122 0.704006 1.12424 1.30612 0.678577 0 0.528947 1.68489 1.32925 1.00327 1.03325 0.777946 0.900981 1.04698 1.01281 0.916524 1.11117 1.41656 1.29345 1.09612 1.02169 0.841878 0.889402
1.32135 1.3143 0.724978 0.565667 1.07777 0.911008 0.877351 0.408319 0.949266 0.999236 0.503978 1.57826 0.752374 0.520662 0.955219 0.477331 0.962556 1.50945 0.652637 0.528947 0 1.41864 1.37039 1.06933 0.995633 0.848031 0.840102 1.04159 0.962897 0.761139 1.04151 1.1762 1.55783 1.10657 1.26426 0.636395 0.577095
1.50888 2.12387 1.95841 1.65365 1.708 1.50722 1.93983 1.47765 1.41944 1.67277 1.30425 2.01613 1.49686 1.64078 1.89482 1.76762 1.99652 1.6577 1.28104 1.68489 1.41864 0 0.57305 1.89497 1.85163 1.85004 1.80781 1.81596 2.01426 1.77141 1.97486 1.88469 1.94403 1.65228 2.32086 1.82209 1.62739
1.2698 1.92137 1.61654 1.81849 1.84004 1.77731 1.56581 1.29349 1.78458 1.72247 1.20493 2.17957 1.64104 1.64024 1.75334 1.6379 2.05648 1.50482 1.25185 1.32925 1.37039 0.57305 0 1.84337 1.85605 1.79759 1.8323 1.70134 2.02026 1.82543 1.99476 2.04573 2.2057 1.71963 2.2258 1.85567 1.70232
1.60157 0.930948 0.9534 0.875921 0.77198 0.675632 0.746696 0.825419 0.886851 0.876175 0.797278 1.22744 1.03164 0.594973 0.657916 0.551362 0.900847 1.5928 0.963419 1.00327 1.06933 1.89497 1.84337 0 0.775094 0.714616 0.697633 0.846922 0.787901 0.710234 0.816688 1.45028 1.10503 0.765166 1.08733 0.765844 0.639414
1.55541 0.881766 1.23581 0.87792 1.17876 0.739708 1.01762 0.760113 0.938584 1.114 0.840733 1.52381 0.952795 0.671173 0.610044 0.600605 0.594353 2.08851 1.16508 1.03325 0.995633 1.85163 1.85605 0.775094 0 0.334584 0.314981 1.11754 0.667951 0.593806 0.320181 1.44083 1.15543 1.01988 0.957795 0.89113 0.647414
1.15345 0.88507 1.17169 0.653004 0.866692 0.680154 0.76688 0.777086 0.83431 0.946268 0.847553 1.29775 0.848763 0.63713 0.502724 0.527176 0.455245 1.82897 1.07876 0.777946 0.848031 1.85004 1.79759 0.714616 0.334584 0 0.333811 0.819453 0.510392 0.619488 0.476094 1.21309 1.10069 0.839493 0.731396 0.362339 0.471322
1.09482 0.901213 1.21466 0.782122 1.1883 0.703199 0.865889 0.70356 0.766745 0.976768 0.826707 1.40156 0.882432 0.566022 0.455175 0.573659 0.52368 2.01504 1.06062 0.900981 0.840102 1.80781 1.8323 0.697633 0.314981 0.333811 0 1.03288 0.507492 0.550955 0.568573 1.24895 1.09312 0.931441 0.773136 0.58087 0.542517
1.37073 0.869841 1.30724 0.771503 0.617067 0.714996 0.859467 0.890574 0.761312 0.800193 0.792399 1.19228 0.71658 0.770035 0.518264 0.95366 1.22981 1.84459 0.876663 1.04698 1.04159 1.81596 1.70134 0.846922 1.11754 0.819453 1.03288 0 1.06159 0.688211 1.35877 0.993249 1.06011 0.688167 1.25083 0.76287 0.765863
1.37323 0.971371 1.40487 0.707326 1.06544 0.924774 1.07489 0.973486 0.949002 1.11171 1.00719 1.50693 0.99653 0.744629 0.772559 0.643059 0.414021 2.11398 1.29076 1.01281 0.962897 2.01426 2.02026 0.787901 0.667951 0.510392 0.507492 1.06159 0 0.724836 0.666291 1.36498 1.15115 1.01347 0.797895 0.425813 0.730442
0.871874 0.82179 1.08946 0.484499 0.739212 0.665241 0.813054 0.744669 0.694729 0.776683 0.77011 1.27698 0.520698 0.430666 0.367291 0.418661 0.776711 1.95711 1.02346 0.916524 0.761139 1.77141 1.82543 0.710234 0.593806 0.619488 0.550955 0.688211 0.724836 0 0.821366 1.11316 1.0258 0.763921 0.998224 0.504806 0.55203
1.75585 0.952936 1.27979 0.98867 1.38254 0.860348 1.1911 0.995223 1.05912 1.18949 1.06096 1.55728 1.15706 0.695117 0.827545 0.758849 0.664558 2.26453 1.27246 1.11117 1.04151 1.97486 1.99476 0.816688 0.320181 0.476094 0.568573 1.35877 0.666291 0.821366 0 1.69027 1.26498 1.07714 0.945931 0.868579 0.844499
1.36513 1.31267 1.645 0.854912 1.12565 1.00409 1.37398 1.28907 0.805829 0.999926 1.08291 1.31687 0.791715 1.04421 1.24137 1.23168 1.44499 2.1511 1.08045 1.41656 1.1762 1.88469 2.04573 1.45028 1.44083 1.21309 1.24895 0.993249 1.36498 1.11316 1.69027 0 1.34632 0.916655 1.71903 1.38313 1.26574
1.74435 0.817035 1.28289 1.31023 0.941684 0.873857 0.906634 1.42305 0.975109 1.02918 1.20023 0.741537 1.06481 1.12579 0.991536 1.23162 1.32225 2.32722 1.1129 1.29345 1.55783 1.94403 2.2057 1.10503 1.15543 1.10069 1.09312 1.06011 1.15115 1.0258 1.26498 1.34632 0 0.846758 0.907692 1.12748 1.11362
0.89054 0.864067 1.21824 0.525992 0.393084 0.583547 0.769689 0.964317 0.396361 0.527969 0.747502 0.779015 0.395039 0.681992 0.671398 0.871218 1.22179 1.92359 0.755034 1.09612 1.10657 1.65228 1.71963 0.765166 1.01988 0.839493 0.931441 0.688167 1.01347 0.763921 1.07714 0.916655 0.846758 0 1.21135 0.82385 0.837165
1.58207 0.869022 1.13924 1.07043 1.1302 1.13153 0.938394 1.24291 1.2815 1.23737 1.38962 1.0024 1.27033 1.07984 0.888941 1.00888 0.936819 2.27005 1.52425 1.02169 1.26426 2.32086 2.2258 1.08733 0.957795 0.731396 0.773136 1.25083 0.797895 0.998224 0.945931 1.71903 0.907692 1.21135 0 0.818746 0.994037
1.38827 0.843858 1.07249 0.521459 0.77935 0.587513 0.925414 0.769913 0.759213 0.855435 0.8446 1.30561 0.817867 0.515797 0.592044 0.446636 0.623864 1.93787 1.02275 0.841878 0.636395 1.82209 1.85567 0.765844 0.89113 0.362339 0.58087 0.76287 0.425813 0.504806 0.868579 1.38313 1.12748 0.82385 0.818746 0 0.480398
1.51581 0.818565 0.993794 0.54188 0.873432 0.446914 0.894682 0.660081 0.681438 0.797971 0.649143 1.33854 0.656939 0.40975 0.605652 0.36026 0.690294 1.71636 0.880654 0.889402 0.577095 1.62739 1.70232 0.639414 0.647414 0.471322 0.542517 0.765863 0.730442 0.55203 0.844499 1.26574 1.11362 0.837165 0.994037 0.480398 0
