0 6.31216 6.57621 4.24467 5.22308 6.18889 4.19525 4.63484 5.70005 4.28581 4.59983 6.84849 4.71891 5.10686 4.75737 5.52222 6.63979 3.80195 4.80224 4.42142 5.34514 7.69878 5.3233 7.13292 6.99199 6.31311 5.59109 5.20474 6.35508 4.69361 7.81113 5.15512 7.22196 5.03848 6.75143 6.28196 5.96481
6.31216 0 3.91103 2.83156 4.35348 2.18106 3.43351 2.66238 4.08492 4.19139 3.16401 6.33163 5.56784 3.54127 2.17527 2.32882 2.8563 6.00897 3.21731 2.54493 2.08936 6.43551 4.92694 4.0382 2.49794 1.72845 2.10748 2.35738 3.27835 2.81094 3.06366 4.55232 3.54476 4.40526 2.53789 2.1764 1.912
6.57621 3.91103 0 4.54007 4.47511 4.72412 3.26987 3.28929 6.22088 5.69045 4.01271 6.75234 6.26896 3.58458 3.24293 2.76456 3.98038 5.8853 4.16488 2.98856 3.28706 8.20559 5.96976 3.59536 3.80321 3.97805 3.33504 4.47385 3.57602 3.71822 4.51545 6.71364 4.52822 5.38081 3.38125 3.43137 4.33582
4.24467 2.83156 4.54007 0 3.45051 2.69026 2.71789 2.07836 2.81074 2.4666 2.49337 5.48089 3.63917 3.11151 2.49827 2.75309 3.55709 4.01431 2.66941 2.35677 2.54554 5.89926 3.59864 4.47837 3.65575 2.86822 2.10517 2.29289 3.40241 2.43522 4.02559 2.88773 4.24317 2.91772 3.57203 2.66047 2.47706
5.22308 4.35348 4.47511 3.45051 0 3.16046 2.85327 3.61 3.94945 3.42363 3.07224 3.84396 2.86772 2.49977 2.76069 3.90717 4.26849 4.88058 3.22339 3.6246 4.58417 6.34144 4.50171 3.66688 4.51688 4.67625 3.88348 3.33879 3.79022 2.84603 5.91301 4.39693 3.82072 2.85537 4.6381 4.17866 4.52995
6.18889 2.18106 4.72412 2.69026 3.16046 0 3.10449 2.27765 2.55909 3.19017 1.9944 5.43751 4.3105 3.1139 2.64394 2.91267 3.5183 5.2174 2.19812 3.32234 2.61609 4.53184 4.1552 2.99697 2.85197 2.41957 2.62308 2.35594 3.92546 3.04936 3.46113 3.67294 2.84387 3.27966 3.61998 2.55419 1.89629
4.19525 3.43351 3.26987 2.71789 2.85327 3.10449 0 2.58545 3.77669 3.15028 2.65387 4.28792 3.33071 2.22533 1.8258 2.70485 3.98276 4.00805 2.48452 2.34895 3.19526 6.82331 3.90644 3.51744 3.81242 3.65591 2.86726 3.29236 3.64319 2.38137 5.12145 3.85773 3.65296 2.74879 3.59024 3.52615 3.53962
4.63484 2.66238 3.28929 2.07836 3.61 2.27765 2.58545 0 3.76335 3.70298 1.49174 6.25005 4.67144 2.87071 1.68939 2.22175 3.54318 4.04911 1.756 1.28996 1.6323 5.04645 3.2603 3.5106 3.41743 2.56486 2.08345 1.93271 3.71991 2.78453 3.91628 4.0579 3.64151 4.1754 3.35452 2.71826 2.11001
5.70005 4.08492 6.22088 2.81074 3.94945 2.55909 3.77669 3.76335 0 2.35178 2.99837 3.92128 3.70453 4.2911 3.97395 4.67564 5.33676 5.02102 2.92211 4.51128 4.39214 4.65889 3.82008 4.38736 5.13204 4.40403 3.83775 3.64989 5.24826 4.3306 5.63854 3.17376 3.40658 1.94418 5.27699 4.65413 4.22334
4.28581 4.19139 5.69045 2.4666 3.42363 3.19017 3.15028 3.70298 2.35178 0 3.00086 5.06829 3.44192 4.14608 3.4737 4.51984 5.38026 3.7561 3.45119 4.11563 4.20209 5.22129 3.28545 4.38852 5.09558 4.6327 4.25535 3.25341 5.35802 4.19033 5.82287 3.22558 4.38326 2.37823 5.09413 4.35806 3.97843
4.59983 3.16401 4.01271 2.49337 3.07224 1.9944 2.65387 1.49174 2.99837 3.00086 0 5.47599 3.76973 3.13298 2.30716 2.98651 4.3787 3.61705 1.71689 2.23629 2.39763 4.37065 2.7795 3.39484 3.87176 3.38881 3.05145 2.27546 4.50227 3.32144 4.74706 3.52815 3.69807 3.38503 4.09737 3.23793 2.74118
6.84849 6.33163 6.75234 5.48089 3.84396 5.43751 4.28792 6.25005 3.92128 5.06829 5.47599 0 3.19853 4.63826 4.66697 6.50323 6.96853 6.23395 5.07049 6.07484 7.14566 7.45456 6.07603 5.73096 6.92591 6.85072 6.22604 5.92766 6.05869 5.08764 8.32973 5.87284 4.8896 3.51901 6.08103 6.64732 7.21824
4.71891 5.56784 6.26896 3.63917 2.86772 4.3105 3.33071 4.67144 3.70453 3.44192 3.76973 3.19853 0 3.11368 4.17417 5.07631 5.57201 4.65178 3.89583 4.98297 5.46432 6.77924 4.70366 4.98411 5.96281 6.00358 5.17887 4.66128 4.92623 3.60778 7.20095 4.11858 5.55766 2.73075 6.31459 5.36069 5.28767
5.10686 3.54127 3.58458 3.11151 2.49977 3.1139 2.22533 2.87071 4.2911 4.14608 3.13298 4.63826 3.11368 0 2.66487 2.40624 2.99908 5.07235 3.08953 3.15206 2.98471 6.952 5.01118 3.51101 3.48646 3.5393 2.76082 3.57282 2.28643 1.82727 4.67371 4.71268 4.2574 3.59294 3.79561 3.07038 3.24481
4.75737 2.17527 3.24293 2.49827 2.76069 2.64394 1.8258 1.68939 3.97395 3.4737 2.30716 4.66697 4.17417 2.66487 0 2.0403 3.06824 4.38222 2.55255 1.82846 2.34284 6.36328 3.99714 3.28002 2.76001 2.11092 1.63827 1.9969 2.96939 1.67849 3.80603 3.96924 3.32977 3.25204 2.49886 2.31797 2.3266
5.52222 2.32882 2.76456 2.75309 3.90717 2.91267 2.70485 2.22175 4.67564 4.51984 2.98651 6.50323 5.07631 2.40624 2.0403 0 1.77986 5.46791 3.17771 2.43799 1.5811 6.84075 5.2809 2.85568 1.92975 1.68196 1.48146 2.9071 2.03923 2.02287 2.67208 4.92859 4.01777 4.36076 2.18337 1.5888 1.89863
6.63979 2.8563 3.98038 3.55709 4.26849 3.5183 3.98276 3.54318 5.33676 5.38026 4.3787 6.96853 5.57201 2.99908 3.06824 1.77986 0 6.99826 4.45866 3.69134 2.36872 7.97462 6.56553 3.83957 1.8075 1.8303 1.97839 3.87539 1.52254 2.35558 2.47856 5.94634 4.84951 5.13982 2.33631 2.17657 2.65475
3.80195 6.00897 5.8853 4.01431 4.88058 5.2174 4.00805 4.04911 5.02102 3.7561 3.61705 6.23395 4.65178 5.07235 4.38222 5.46791 6.99826 0 3.9172 3.99126 5.08051 6.34011 4.09508 5.66839 6.69816 5.95257 5.18118 4.59897 6.68857 5.20166 7.56987 4.92201 5.82446 4.22064 6.43737 6.14215 5.64602
4.80224 3.21731 4.16488 2.66941 3.22339 2.19812 2.48452 1.756 2.92211 3.45119 1.71689 5.07049 3.89583 3.08953 2.55255 3.17771 4.45866 3.9172 0 2.1181 2.80273 4.66827 3.11968 3.98949 4.64856 3.8365 3.15766 2.6909 4.3729 3.23597 5.14972 3.33099 2.99131 3.26283 4.5386 3.78511 3.14665
4.42142 2.54493 2.98856 2.35677 3.6246 3.32234 2.34895 1.28996 4.51128 4.11563 2.23629 6.07484 4.98297 3.15206 1.82846 2.43799 3.69134 3.99126 2.1181 0 1.94713 5.98782 3.74485 4.47655 3.79971 2.65789 2.30899 2.49979 3.6502 2.61692 4.37216 4.33018 4.08789 4.36242 3.19183 3.00374 2.62452
5.34514 2.08936 3.28706 2.54554 4.58417 2.61609 3.19526 1.6323 4.39214 4.20209 2.39763 7.14566 5.46432 2.98471 2.34284 1.5811 2.36872 5.08051 2.80273 1.94713 0 5.81334 4.47107 3.96761 2.38375 1.85163 1.95599 2.63471 2.71869 2.49382 2.73767 4.55173 4.53929 4.87298 2.40112 1.81255 1.82809
7.69878 6.43551 8.20559 5.89926 6.34144 4.53184 6.82331 5.04645 4.65889 5.22129 4.37065 7.45456 6.77924 6.952 6.36328 6.84075 7.97462 6.34011 4.66827 5.98782 5.81334 0 3.39548 6.59157 7.26223 6.57168 7.03032 5.28088 8.42034 7.32819 7.66543 5.94795 6.12036 6.00975 8.04991 6.70136 5.3334
5.3233 4.92694 5.96976 3.59864 4.50171 4.1552 3.90644 3.2603 3.82008 3.28545 2.7795 6.07603 4.70366 5.01118 3.99714 5.2809 6.56553 4.09508 3.11968 3.74485 4.47107 3.39548 0 5.20457 6.19614 5.05835 4.87172 3.41251 6.38955 5.1428 6.75189 3.95217 4.69884 4.01275 6.06097 5.54744 4.58678
7.13292 4.0382 3.59536 4.47837 3.66688 2.99697 3.51744 3.5106 4.38736 4.38852 3.39484 5.73096 4.98411 3.51101 3.28002 2.85568 3.83957 5.66839 3.98949 4.47655 3.96761 6.59157 5.20457 0 3.21748 3.41421 3.54728 3.68436 3.95859 4.16737 4.19738 5.68147 3.71609 3.81669 3.85298 2.99882 3.54538
6.99199 2.49794 3.80321 3.65575 4.51688 2.85197 3.81242 3.41743 5.13204 5.09558 3.87176 6.92591 5.96281 3.48646 2.76001 1.92975 1.8075 6.69816 4.64856 3.79971 2.38375 7.26223 6.19614 3.21748 0 1.54187 1.74378 3.42567 2.50817 2.81122 1.59309 5.87546 4.69656 5.11887 2.23715 1.89381 2.10608
6.31311 1.72845 3.97805 2.86822 4.67625 2.41957 3.65591 2.56486 4.40403 4.6327 3.38881 6.85072 6.00358 3.5393 2.11092 1.68196 1.8303 5.95257 3.8365 2.65789 1.85163 6.57168 5.05835 3.41421 1.54187 0 1.35307 2.27589 2.5695 2.72289 1.89708 4.63059 3.77033 4.92095 1.91077 1.74416 1.09548
5.59109 2.10748 3.33504 2.10517 3.88348 2.62308 2.86726 2.08345 3.83775 4.25535 3.05145 6.22604 5.17887 2.76082 1.63827 1.48146 1.97839 5.18118 3.15766 2.30899 1.95599 7.03032 4.87172 3.54728 1.74378 1.35307 0 2.52183 2.13788 1.97585 2.49029 4.56641 3.31241 4.2206 2.04662 2.18992 2.0353
5.20474 2.35738 4.47385 2.29289 3.33879 2.35594 3.29236 1.93271 3.64989 3.25341 2.27546 5.92766 4.66128 3.57282 1.9969 2.9071 3.87539 4.59897 2.6909 2.49979 2.63471 5.28088 3.41251 3.68436 3.42567 2.27589 2.52183 0 4.13696 3.01278 3.91548 3.07808 3.44857 4.04405 3.49996 2.91373 1.93546
6.35508 3.27835 3.57602 3.40241 3.79022 3.92546 3.64319 3.71991 5.24826 5.35802 4.50227 6.05869 4.92623 2.28643 2.96939 2.03923 1.52254 6.68857 4.3729 3.6502 2.71869 8.42034 6.38955 3.95859 2.50817 2.5695 2.13788 4.13696 0 2.01654 2.99694 5.82211 4.79212 4.74816 2.42415 2.01831 3.29474
4.69361 2.81094 3.71822 2.43522 2.84603 3.04936 2.38137 2.78453 4.3306 4.19033 3.32144 5.08764 3.60778 1.82727 1.67849 2.02287 2.35558 5.20166 3.23597 2.61692 2.49382 7.32819 5.1428 4.16737 2.81122 2.72289 1.97585 3.01278 2.01654 0 3.88809 4.57304 4.2398 3.66109 2.97773 2.39873 2.64313
7.81113 3.06366 4.51545 4.02559 5.91301 3.46113 5.12145 3.91628 5.63854 5.82287 4.74706 8.32973 7.20095 4.67371 3.80603 2.67208 2.47856 7.56987 5.14972 4.37216 2.73767 7.66543 6.75189 4.19738 1.59309 1.89708 2.49029 3.91548 2.99694 3.88809 0 6.09534 5.26564 6.1863 2.89678 2.22632 2.37691
5.15512 4.55232 6.71364 2.88773 4.39693 3.67294 3.85773 4.0579 3.17376 3.22558 3.52815 5.87284 4.11858 4.71268 3.96924 4.92859 5.94634 4.92201 3.33099 4.33018 4.55173 5.94795 3.95217 5.68147 5.87546 4.63059 4.56641 3.07808 5.82211 4.57304 6.09534 0 4.70733 3.54092 5.94008 5.07258 4.01663
7.22196 3.54476 4.52822 4.24317 3.82072 2.84387 3.65296 3.64151 3.40658 4.38326 3.69807 4.8896 5.55766 4.2574 3.32977 4.01777 4.84951 5.82446 2.99131 4.08789 4.53929 6.12036 4.69884 3.71609 4.69656 3.77033 3.31241 3.44857 4.79212 4.2398 5.26564 4.70733 0 3.72233 3.88756 4.67302 4.09586
5.03848 4.40526 5.38081 2.91772 2.85537 3.27966 2.74879 4.1754 1.94418 2.37823 3.38503 3.51901 2.73075 3.59294 3.25204 4.36076 5.13982 4.22064 3.26283 4.36242 4.87298 6.00975 4.01275 3.81669 5.11887 4.92095 4.2206 4.04405 4.74816 3.66109 6.1863 3.54092 3.72233 0 5.09581 4.48957 4.84864
6.75143 2.53789 3.38125 3.57203 4.6381 3.61998 3.59024 3.35452 5.27699 5.09413 4.09737 6.08103 6.31459 3.79561 2.49886 2.18337 2.33631 6.43737 4.5386 3.19183 2.40112 8.04991 6.06097 3.85298 2.23715 1.91077 2.04662 3.49996 2.42415 2.97773 2.89678 5.94008 3.88756 5.09581 0 2.26668 2.82702
6.28196 2.1764 3.43137 2.66047 4.17866 2.55419 3.52615 2.71826 4.65413 4.35806 3.23793 6.64732 5.36069 3.07038 2.31797 1.5888 2.17657 6.14215 3.78511 3.00374 1.81255 6.70136 5.54744 2.99882 1.89381 1.74416 2.18992 2.91373 2.01831 2.39873 2.22632 5.07258 4.67302 4.48957 2.26668 0 1.8324
5.96481 1.912 4.33582 2.47706 4.52995 1.89629 3.53962 2.11001 4.22334 3.97843 2.74118 7.21824 5.28767 3.24481 2.3266 1.89863 2.65475 5.64602 3.14665 2.62452 1.82809 5.3334 4.58678 3.54538 2.10608 1.09548 2.0353 1.93546 3.29474 2.64313 2.37691 4.01663 4.09586 4.84864 2.82702 1.8324 0
