0 1.02114 1.05742 0.852946 0.910243 0.963166 0.937729 0.908863 0.951573 0.85495 0.887193 1.09479 0.892754 0.888399 0.889436 0.923815 1.02994 0.974617 0.953397 0.960719 0.958142 1.20883 1.13829 1.00212 0.9574 0.957785 0.936048 0.968791 0.998666 0.917616 1.00138 1.07848 1.10961 0.927679 1.09922 0.941075 0.924529
1.02114 0 0.983018 0.805103 0.855413 0.72294 0.873741 0.919533 0.842443 0.871358 0.854141 0.98741 0.88718 0.839093 0.796355 0.82584 0.794191 1.10875 0.909693 0.8827 0.902179 1.1699 1.07678 0.857084 0.729787 0.69733 0.758742 0.787564 0.810617 0.748584 0.748048 1.03877 0.858458 0.823084 0.866275 0.731354 0.716765
1.05742 0.983018 0 0.987246 1.05742 1.01928 0.828687 0.813717 1.06256 1.03136 0.916457 1.12567 1.04127 0.870834 0.944944 0.82811 0.996264 1.05323 0.907243 0.752488 0.777892 1.29911 1.22857 0.947459 0.943194 0.93183 0.916808 1.04839 0.957779 0.979977 0.949104 1.18799 1.05863 1.04563 0.968991 0.960132 0.939857
0.852946 0.805103 0.987246 0 0.742147 0.741228 0.8657 0.827723 0.72472 0.717765 0.835397 0.955217 0.716478 0.701488 0.693279 0.745136 0.800452 1.04296 0.90116 0.873929 0.799112 1.1178 1.07345 0.880415 0.783053 0.703954 0.734357 0.77864 0.774084 0.668865 0.78479 0.928094 0.975728 0.720888 0.913971 0.659815 0.66484
0.910243 0.855413 1.05742 0.742147 0 0.718317 0.901414 0.930508 0.772694 0.747929 0.841563 0.917865 0.749077 0.804172 0.75946 0.851312 0.92363 1.05486 0.879503 0.978035 0.968212 1.12139 1.09689 0.811552 0.845204 0.858891 0.851508 0.824253 0.88334 0.79011 0.895489 1.01916 0.917886 0.714308 0.995986 0.807205 0.827086
0.963166 0.72294 1.01928 0.741228 0.718317 0 0.875738 0.877038 0.652247 0.801955 0.757471 0.962284 0.736464 0.714329 0.757034 0.790978 0.775305 1.06221 0.781435 0.930566 0.850501 1.05835 1.05639 0.755138 0.721776 0.672881 0.741311 0.844092 0.798444 0.738861 0.738972 0.975342 0.827938 0.706578 0.901603 0.720474 0.645007
0.937729 0.873741 0.828687 0.8657 0.901414 0.875738 0 0.833705 0.901922 0.838952 0.824625 1.01786 0.833392 0.708198 0.811769 0.796412 0.945817 1.00328 0.816059 0.773418 0.855889 1.20256 1.12416 0.858142 0.905934 0.882078 0.862957 0.949131 0.898374 0.827524 0.916148 1.04515 0.949527 0.867841 0.950054 0.876688 0.845091
0.908863 0.919533 0.813717 0.827723 0.930508 0.877038 0.833705 0 0.931788 0.912094 0.714286 1.08777 0.90248 0.749117 0.793277 0.769036 0.909162 0.921317 0.758711 0.696262 0.619036 1.18222 1.12221 0.914762 0.838069 0.83026 0.81119 0.895394 0.886301 0.843806 0.873295 1.06822 1.03728 0.93814 0.993913 0.839368 0.80589
0.951573 0.842443 1.06256 0.72472 0.772694 0.652247 0.901922 0.931788 0 0.794439 0.833444 0.866409 0.729471 0.806204 0.804343 0.897136 0.88145 1.08878 0.8093 0.994164 0.90398 1.03859 1.0624 0.89925 0.854824 0.818432 0.820964 0.87117 0.851923 0.776 0.870749 0.91503 0.868665 0.624973 0.982297 0.829684 0.79377
0.85495 0.871358 1.03136 0.717765 0.747929 0.801955 0.838952 0.912094 0.794439 0 0.857136 0.995555 0.752647 0.805676 0.81315 0.87082 0.943556 1.02928 0.923793 0.967977 0.938951 1.12911 1.05803 0.869551 0.896371 0.87182 0.889925 0.856888 0.921381 0.819439 0.913632 0.971397 0.9854 0.730907 1.01864 0.840329 0.820074
0.887193 0.854141 0.916457 0.835397 0.841563 0.757471 0.824625 0.714286 0.833444 0.857136 0 1.03107 0.800812 0.782159 0.824515 0.821493 0.902711 0.966564 0.685808 0.765531 0.75488 1.11703 1.06117 0.877692 0.827337 0.834171 0.817297 0.876761 0.89363 0.824075 0.873217 1.04653 0.965016 0.818063 0.99684 0.852068 0.803129
1.09479 0.98741 1.12567 0.955217 0.917865 0.962284 1.01786 1.08777 0.866409 0.995555 1.03107 0 0.932067 0.977983 0.936294 1.04418 1.0702 1.18885 1.00945 1.09691 1.10972 1.19649 1.18963 1.01557 1.03382 1.02461 0.999206 0.959607 1.01019 0.945829 1.05445 1.08983 0.920836 0.872889 0.910128 1.00482 1.02497
0.892754 0.88718 1.04127 0.716478 0.749077 0.736464 0.833392 0.90248 0.729471 0.752647 0.800812 0.932067 0 0.730427 0.807283 0.865657 0.922616 1.04496 0.83202 0.971257 0.892637 1.09664 1.04805 0.914037 0.907248 0.865682 0.869063 0.85774 0.884642 0.75457 0.929301 0.929581 0.950683 0.681007 1.01947 0.849792 0.798794
0.888399 0.839093 0.870834 0.701488 0.804172 0.714329 0.708198 0.749117 0.806204 0.805676 0.782159 0.977983 0.730427 0 0.691272 0.641555 0.79618 0.989648 0.801652 0.855434 0.733988 1.11635 1.07844 0.771949 0.777292 0.749752 0.730843 0.843663 0.767031 0.653932 0.800763 0.980602 0.954357 0.805913 0.92139 0.719493 0.63733
0.889436 0.796355 0.944944 0.693279 0.75946 0.757034 0.811769 0.793277 0.804343 0.81315 0.824515 0.936294 0.807283 0.691272 0 0.768668 0.837093 0.988869 0.903684 0.866607 0.887538 1.16645 1.09386 0.818089 0.756349 0.754967 0.723687 0.747816 0.782549 0.644701 0.8062 1.01003 0.917403 0.794109 0.878817 0.685162 0.712157
0.923815 0.82584 0.82811 0.745136 0.851312 0.790978 0.796412 0.769036 0.897136 0.87082 0.821493 1.04418 0.865657 0.641555 0.768668 0 0.762883 1.02537 0.865187 0.82448 0.720375 1.16124 1.11385 0.718768 0.700371 0.705235 0.68223 0.852342 0.753892 0.693425 0.718957 1.04643 0.965136 0.867886 0.898856 0.684738 0.638204
1.02994 0.794191 0.996264 0.800452 0.92363 0.775305 0.945817 0.909162 0.88145 0.943556 0.902711 1.0702 0.922616 0.79618 0.837093 0.762883 0 1.11868 0.950683 0.918822 0.802668 1.19018 1.15552 0.872074 0.667741 0.60441 0.649078 0.922408 0.644471 0.759875 0.667334 1.0811 0.954825 0.895477 0.817479 0.731445 0.751569
0.974617 1.10875 1.05323 1.04296 1.05486 1.06221 1.00328 0.921317 1.08878 1.02928 0.966564 1.18885 1.04496 0.989648 0.988869 1.02537 1.11868 0 1.01422 0.982841 0.998155 1.27033 1.19389 1.04204 1.05847 1.05351 1.0393 1.06445 1.0942 1.0466 1.08447 1.21219 1.183 1.07718 1.16789 1.06534 1.04577
0.953397 0.909693 0.907243 0.90116 0.879503 0.781435 0.816059 0.758711 0.8093 0.923793 0.685808 1.00945 0.83202 0.801652 0.903684 0.865187 0.950683 1.01422 0 0.809168 0.75349 1.10701 1.07877 0.948346 0.923605 0.89218 0.890116 0.938335 0.923218 0.867483 0.937409 1.03181 0.949749 0.835509 1.04582 0.920249 0.867813
0.960719 0.8827 0.752488 0.873929 0.978035 0.930566 0.773418 0.696262 0.994164 0.967977 0.765531 1.09691 0.971257 0.855434 0.866607 0.82448 0.918822 0.982841 0.809168 0 0.710581 1.22985 1.16246 0.952139 0.910298 0.818861 0.870897 0.958749 0.89509 0.892496 0.895243 1.13195 1.03073 0.975811 0.972274 0.856825 0.884442
0.958142 0.902179 0.777892 0.799112 0.968212 0.850501 0.855889 0.619036 0.90398 0.938951 0.75488 1.10972 0.892637 0.733988 0.887538 0.720375 0.802668 0.998155 0.75349 0.710581 0 1.16856 1.146 0.935677 0.827197 0.761046 0.786428 0.94932 0.802032 0.833423 0.810699 1.04765 1.04355 0.946185 0.936466 0.785556 0.756406
1.20883 1.1699 1.29911 1.1178 1.12139 1.05835 1.20256 1.18222 1.03859 1.12911 1.11703 1.19649 1.09664 1.11635 1.16645 1.16124 1.19018 1.27033 1.10701 1.22985 1.16856 0 0.785122 1.1839 1.16029 1.14536 1.1618 1.15934 1.19282 1.13575 1.1703 1.23157 1.17405 1.10672 1.28002 1.154 1.10215
1.13829 1.07678 1.22857 1.07345 1.09689 1.05639 1.12416 1.12221 1.0624 1.05803 1.06117 1.18963 1.04805 1.07844 1.09386 1.11385 1.15552 1.19389 1.07877 1.16246 1.146 0.785122 0 1.13673 1.12039 1.09455 1.10514 1.0707 1.13542 1.08451 1.12788 1.21423 1.18145 1.04578 1.22344 1.10833 1.07748
1.00212 0.857084 0.947459 0.880415 0.811552 0.755138 0.858142 0.914762 0.89925 0.869551 0.877692 1.01557 0.914037 0.771949 0.818089 0.718768 0.872074 1.04204 0.948346 0.952139 0.935677 1.1839 1.13673 0 0.79241 0.8153 0.811865 0.876885 0.871108 0.835718 0.807192 1.10833 0.948375 0.866806 0.944817 0.79939 0.777323
0.9574 0.729787 0.943194 0.783053 0.845204 0.721776 0.905934 0.838069 0.854824 0.896371 0.827337 1.03382 0.907248 0.777292 0.756349 0.700371 0.667741 1.05847 0.923605 0.910298 0.827197 1.16029 1.12039 0.79241 0 0.586978 0.541493 0.853632 0.724287 0.706106 0.51168 1.0618 0.899938 0.872169 0.809643 0.729518 0.681561
0.957785 0.69733 0.93183 0.703954 0.858891 0.672881 0.882078 0.83026 0.818432 0.87182 0.834171 1.02461 0.865682 0.749752 0.754967 0.705235 0.60441 1.05351 0.89218 0.818861 0.761046 1.14536 1.09455 0.8153 0.586978 0 0.554997 0.845412 0.673097 0.701098 0.564949 1.02512 0.879397 0.834451 0.759604 0.635096 0.673424
0.936048 0.758742 0.916808 0.734357 0.851508 0.741311 0.862957 0.81119 0.820964 0.889925 0.817297 0.999206 0.869063 0.730843 0.723687 0.68223 0.649078 1.0393 0.890116 0.870897 0.786428 1.1618 1.10514 0.811865 0.541493 0.554997 0 0.846382 0.630238 0.688435 0.606451 1.0354 0.862579 0.83835 0.779117 0.717236 0.714587
0.968791 0.787564 1.04839 0.77864 0.824253 0.844092 0.949131 0.895394 0.87117 0.856888 0.876761 0.959607 0.85774 0.843663 0.747816 0.852342 0.922408 1.06445 0.938335 0.958749 0.94932 1.15934 1.0707 0.876885 0.853632 0.845412 0.846382 0 0.903427 0.824127 0.88094 0.972773 0.944292 0.848985 0.987558 0.794219 0.798096
0.998666 0.810617 0.957779 0.774084 0.88334 0.798444 0.898374 0.886301 0.851923 0.921381 0.89363 1.01019 0.884642 0.767031 0.782549 0.753892 0.644471 1.0942 0.923218 0.89509 0.802032 1.19282 1.13542 0.871108 0.724287 0.673097 0.630238 0.903427 0 0.716339 0.709086 1.05735 0.922152 0.850871 0.782418 0.650667 0.779105
0.917616 0.748584 0.979977 0.668865 0.79011 0.738861 0.827524 0.843806 0.776 0.819439 0.824075 0.945829 0.75457 0.653932 0.644701 0.693425 0.759875 1.0466 0.867483 0.892496 0.833423 1.13575 1.08451 0.835718 0.706106 0.701098 0.688435 0.824127 0.716339 0 0.750836 0.980925 0.901077 0.755934 0.868079 0.676851 0.633594
1.00138 0.748048 0.949104 0.78479 0.895489 0.738972 0.916148 0.873295 0.870749 0.913632 0.873217 1.05445 0.929301 0.800763 0.8062 0.718957 0.667334 1.08447 0.937409 0.895243 0.810699 1.1703 1.12788 0.807192 0.51168 0.564949 0.606451 0.88094 0.709086 0.750836 0 1.07026 0.917349 0.884248 0.808738 0.690876 0.713245
1.07848 1.03877 1.18799 0.928094 1.01916 0.975342 1.04515 1.06822 0.91503 0.971397 1.04653 1.08983 0.929581 0.980602 1.01003 1.04643 1.0811 1.21219 1.03181 1.13195 1.04765 1.23157 1.21423 1.10833 1.0618 1.02512 1.0354 0.972773 1.05735 0.980925 1.07026 0 1.0993 0.958917 1.16341 1.0209 0.979536
1.10961 0.858458 1.05863 0.975728 0.917886 0.827938 0.949527 1.03728 0.868665 0.9854 0.965016 0.920836 0.950683 0.954357 0.917403 0.965136 0.954825 1.183 0.949749 1.03073 1.04355 1.17405 1.18145 0.948375 0.899938 0.879397 0.862579 0.944292 0.922152 0.901077 0.917349 1.0993 0 0.882318 0.896799 0.942021 0.945811
0.927679 0.823084 1.04563 0.720888 0.714308 0.706578 0.867841 0.93814 0.624973 0.730907 0.818063 0.872889 0.681007 0.805913 0.794109 0.867886 0.895477 1.07718 0.835509 0.975811 0.946185 1.10672 1.04578 0.866806 0.872169 0.834451 0.83835 0.848985 0.850871 0.755934 0.884248 0.958917 0.882318 0 0.975833 0.830787 0.825576
1.09922 0.866275 0.968991 0.913971 0.995986 0.901603 0.950054 0.993913 0.982297 1.01864 0.99684 0.910128 1.01947 0.92139 0.878817 0.898856 0.817479 1.16789 1.04582 0.972274 0.936466 1.28002 1.22344 0.944817 0.809643 0.759604 0.779117 0.987558 0.782418 0.868079 0.808738 1.16341 0.896799 0.975833 0 0.827695 0.896296
0.941075 0.731354 0.960132 0.659815 0.807205 0.720474 0.876688 0.839368 0.829684 0.840329 0.852068 1.00482 0.849792 0.719493 0.685162 0.684738 0.731445 1.06534 0.920249 0.856825 0.785556 1.154 1.10833 0.79939 0.729518 0.635096 0.717236 0.794219 0.650667 0.676851 0.690876 1.0209 0.942021 0.830787 0.827695 0 0.633456
0.924529 0.716765 0.939857 0.66484 0.827086 0.645007 0.845091 0.80589 0.79377 0.820074 0.803129 1.02497 0.798794 0.63733 0.712157 0.638204 0.751569 1.04577 0.867813 0.884442 0.756406 1.10215 1.07748 0.777323 0.681561 0.673424 0.714587 0.798096 0.779105 0.633594 0.713245 0.979536 0.945811 0.825576 0.896296 0.633456 0
