0 0.768268 1.54801 0.754222 1.59598 1.16801 1.18407 1.25556 1.35732 1.29752 1.31594 1.5657 1.57377 1.42334 1.45222 0.952929 0.960455 1.36596 0.633342 0.682217 1.01204 1.47046 1.31929 1.66156 1.28723 0.783467 1.10575 0.682664 0.619175 1.18189 0.731699 0.929217 1.10275 1.5346 1.0565 0.894229 0.997648
0.768268 0 1.59459 0.857048 1.6228 1.22418 1.26326 1.30345 1.38449 1.35406 1.35605 1.60188 1.60038 1.46575 1.50857 1.09452 0.843964 1.42321 0.835527 0.585018 1.17196 1.49758 1.36789 1.68726 1.35891 0.773416 1.19286 0.676596 0.668603 1.25656 0.89754 0.837987 1.13967 1.56836 1.16331 1.00157 0.886294
1.54801 1.59459 0 1.52399 0.81748 1.36309 1.35026 1.30673 1.19161 1.2002 1.19999 0.806098 0.832127 1.0629 0.974748 1.47625 1.62404 1.15901 1.53069 1.58201 1.45978 1.49618 1.56897 1.07332 1.31147 1.59945 1.42304 1.57688 1.5681 1.33534 1.53687 1.61383 1.43431 0.841212 1.42585 1.47809 1.63753
0.754222 0.857048 1.52399 0 1.56225 1.08832 1.11601 1.19501 1.29788 1.25038 1.2567 1.52702 1.53907 1.38394 1.42068 0.787063 1.03405 1.32205 0.623449 0.858186 0.91028 1.41527 1.24081 1.63079 1.24018 0.933764 0.975453 0.826193 0.734432 1.11977 0.824863 1.02448 0.994667 1.50665 0.932993 0.695376 1.07278
1.59598 1.6228 0.81748 1.56225 0 1.4117 1.41737 1.3679 1.24898 1.29407 1.27054 0.664577 0.670001 1.18456 1.12484 1.5286 1.66571 1.25797 1.57801 1.61412 1.52209 1.54037 1.60649 0.926798 1.3855 1.63728 1.46088 1.61659 1.59283 1.40743 1.5896 1.65845 1.46809 0.668002 1.48717 1.52855 1.67343
1.16801 1.22418 1.36309 1.08832 1.4117 0 0.764518 0.75655 1.04404 0.958471 1.00705 1.39542 1.39812 1.15824 1.22847 0.995436 1.3077 1.06615 1.11865 1.20829 1.04074 1.20076 1.02265 1.51261 0.858023 1.25396 0.88704 1.20588 1.16816 0.631692 1.16036 1.29742 0.811245 1.3602 0.912989 0.989336 1.32482
1.18407 1.26326 1.35026 1.11601 1.41737 0.764518 0 0.791881 1.08813 0.956696 1.03722 1.39472 1.39086 1.14905 1.20681 1.02442 1.31814 1.06355 1.13862 1.24806 1.01658 1.2507 0.99895 1.50619 0.760305 1.27473 0.842967 1.23763 1.21664 0.644102 1.16376 1.30179 0.790715 1.35497 0.897331 1.02232 1.34386
1.25556 1.30345 1.30673 1.19501 1.3679 0.75655 0.791881 0 1.0028 0.882388 0.973507 1.34946 1.34472 1.0482 1.14708 1.1088 1.38428 0.953271 1.22069 1.30383 1.10427 1.20343 1.11697 1.46052 0.647583 1.33099 0.960635 1.29197 1.27967 0.64071 1.24154 1.37482 0.926665 1.3164 0.994787 1.09367 1.40165
1.35732 1.38449 1.19161 1.29788 1.24898 1.04404 1.08813 1.0028 0 0.752961 0.78059 1.21716 1.22775 0.855453 0.944107 1.25235 1.45165 0.903689 1.3243 1.37958 1.27311 1.12573 1.28504 1.3955 1.06769 1.40743 1.16752 1.374 1.3463 1.04663 1.35211 1.44759 1.12699 1.20017 1.20026 1.25255 1.46507
1.29752 1.35406 1.2002 1.25038 1.29407 0.958471 0.956696 0.882388 0.752961 0 0.647727 1.25713 1.25922 0.852801 0.965193 1.19862 1.40055 0.756973 1.26515 1.34921 1.18784 1.03334 1.23796 1.40481 0.943975 1.36931 1.10323 1.33955 1.32198 0.909287 1.28028 1.38368 1.0757 1.21664 1.12426 1.18971 1.42319
1.31594 1.35605 1.19999 1.2567 1.27054 1.00705 1.03722 0.973507 0.78059 0.647727 0 1.23947 1.23088 0.863086 0.963475 1.22946 1.4043 0.761643 1.28079 1.35221 1.23774 1.04958 1.26305 1.38977 1.04055 1.37422 1.12688 1.34634 1.32222 0.99562 1.30825 1.40093 1.09141 1.18807 1.16738 1.21147 1.42481
1.5657 1.60188 0.806098 1.52702 0.664577 1.39542 1.39472 1.34946 1.21716 1.25713 1.23947 0 0.744394 1.15415 1.09441 1.4982 1.63776 1.23002 1.54865 1.59995 1.49685 1.5048 1.57503 1.0022 1.36761 1.6086 1.43816 1.5897 1.5764 1.37741 1.55884 1.63103 1.43898 0.644277 1.46157 1.50105 1.64599
1.57377 1.60038 0.832127 1.53907 0.670001 1.39812 1.39086 1.34472 1.22775 1.25922 1.23088 0.744394 0 1.14767 1.08805 1.51098 1.64284 1.21721 1.55524 1.60634 1.50015 1.51176 1.58521 0.962641 1.36422 1.61675 1.4365 1.59905 1.58408 1.38202 1.56761 1.63642 1.4354 0.705975 1.46952 1.50627 1.65339
1.42334 1.46575 1.0629 1.38394 1.18456 1.15824 1.14905 1.0482 0.855453 0.852801 0.863086 1.15415 1.14767 0 0.699951 1.32176 1.51505 0.806556 1.39707 1.46737 1.31305 1.27472 1.39689 1.31028 1.08572 1.4786 1.24552 1.45055 1.44161 1.12082 1.41025 1.50723 1.24814 1.13066 1.25353 1.32131 1.52901
1.45222 1.50857 0.974748 1.42068 1.12484 1.22847 1.20681 1.14708 0.944107 0.965193 0.963475 1.09441 1.08805 0.699951 0 1.37618 1.53786 0.90476 1.43234 1.50105 1.34986 1.34774 1.45397 1.2673 1.16667 1.51118 1.30086 1.48749 1.48047 1.18181 1.43488 1.52471 1.31008 1.07998 1.31435 1.37124 1.55804
0.952929 1.09452 1.47625 0.787063 1.5286 0.995436 1.02442 1.1088 1.25235 1.19862 1.22946 1.4982 1.51098 1.32176 1.37618 0 1.19405 1.26875 0.856518 1.0551 0.74002 1.39614 1.19717 1.60358 1.14127 1.10318 0.856449 1.03074 0.985888 1.03697 0.949308 1.17678 0.952769 1.47244 0.747705 0.627213 1.21531
0.960455 0.843964 1.62404 1.03405 1.66571 1.3077 1.31814 1.38428 1.45165 1.40055 1.4043 1.63776 1.64284 1.51505 1.53786 1.19405 0 1.46572 1.01316 0.839408 1.2216 1.55201 1.44317 1.72164 1.40992 0.787118 1.27412 0.894244 0.925243 1.31889 0.996082 0.541846 1.24822 1.60421 1.24461 1.13293 0.650362
1.36596 1.42321 1.15901 1.32205 1.25797 1.06615 1.06355 0.953271 0.903689 0.756973 0.761643 1.23002 1.21721 0.806556 0.90476 1.26875 1.46572 0 1.34081 1.41843 1.25698 1.1684 1.32555 1.36993 1.00311 1.42853 1.17072 1.40326 1.38886 1.02121 1.35277 1.45611 1.16012 1.19629 1.19752 1.26342 1.48369
0.633342 0.835527 1.53069 0.623449 1.57801 1.11865 1.13862 1.22069 1.3243 1.26515 1.28079 1.54865 1.55524 1.39707 1.43234 0.856518 1.01316 1.34081 0 0.799447 0.935269 1.43681 1.27081 1.64752 1.24876 0.879316 1.0384 0.789354 0.6793 1.14374 0.748913 0.99584 1.04475 1.51499 0.981792 0.805219 1.03193
0.682217 0.585018 1.58201 0.858186 1.61412 1.20829 1.24806 1.30383 1.37958 1.34921 1.35221 1.59995 1.60634 1.46737 1.50105 1.0551 0.839408 1.41843 0.799447 0 1.13455 1.4906 1.35717 1.69358 1.34581 0.724112 1.18368 0.624151 0.610708 1.25116 0.850212 0.836205 1.14113 1.56983 1.14104 0.999916 0.89349
1.01204 1.17196 1.45978 0.91028 1.52209 1.04074 1.01658 1.10427 1.27311 1.18784 1.23774 1.49685 1.50015 1.31305 1.34986 0.74002 1.2216 1.25698 0.935269 1.13455 0 1.42677 1.25389 1.59207 1.11674 1.14743 0.903009 1.11902 1.07107 1.03626 0.960333 1.19282 1.034 1.46342 0.827859 0.81215 1.25812
1.47046 1.49758 1.49618 1.41527 1.54037 1.20076 1.2507 1.20343 1.12573 1.03334 1.04958 1.5048 1.51176 1.27472 1.34774 1.39614 1.55201 1.1684 1.43681 1.4906 1.42677 0 1.00088 1.6433 1.27193 1.51469 1.33101 1.48931 1.46956 1.2127 1.4718 1.55161 1.25406 1.48188 1.35241 1.37789 1.56627
1.31929 1.36789 1.56897 1.24081 1.60649 1.02265 0.99895 1.11697 1.28504 1.23796 1.26305 1.57503 1.58521 1.39689 1.45397 1.19717 1.44317 1.32555 1.27081 1.35717 1.25389 1.00088 0 1.69297 1.16236 1.38596 1.10368 1.35077 1.32379 1.03216 1.32166 1.43941 0.92014 1.55327 1.13501 1.17592 1.45684
1.66156 1.68726 1.07332 1.63079 0.926798 1.51261 1.50619 1.46052 1.3955 1.40481 1.38977 1.0022 0.962641 1.31028 1.2673 1.60358 1.72164 1.36993 1.64752 1.69358 1.59207 1.6433 1.69297 0 1.47904 1.69969 1.54866 1.68199 1.67097 1.49678 1.65466 1.71702 1.55682 0.976912 1.56524 1.59936 1.73427
1.28723 1.35891 1.31147 1.24018 1.3855 0.858023 0.760305 0.647583 1.06769 0.943975 1.04055 1.36761 1.36422 1.08572 1.16667 1.14127 1.40992 1.00311 1.24876 1.34581 1.11674 1.27193 1.16236 1.47904 0 1.3611 0.995474 1.33766 1.31282 0.710964 1.27557 1.40113 1.00066 1.33806 1.03973 1.15573 1.41372
0.783467 0.773416 1.59945 0.933764 1.63728 1.25396 1.27473 1.33099 1.40743 1.36931 1.37422 1.6086 1.61675 1.4786 1.51118 1.10318 0.787118 1.42853 0.879316 0.724112 1.14743 1.51469 1.38596 1.69969 1.3611 0 1.19986 0.739433 0.788457 1.27223 0.845908 0.771727 1.1888 1.58015 1.16717 1.04277 0.815095
1.10575 1.19286 1.42304 0.975453 1.46088 0.88704 0.842967 0.960635 1.16752 1.10323 1.12688 1.43816 1.4365 1.24552 1.30086 0.856449 1.27412 1.17072 1.0384 1.18368 0.903009 1.33101 1.10368 1.54866 0.995474 1.19986 0 1.15373 1.12548 0.88006 1.07681 1.26496 0.823444 1.40892 0.630989 0.839461 1.29475
0.682664 0.676596 1.57688 0.826193 1.61659 1.20588 1.23763 1.29197 1.374 1.33955 1.34634 1.5897 1.59905 1.45055 1.48749 1.03074 0.894244 1.40326 0.789354 0.624151 1.11902 1.48931 1.35077 1.68199 1.33766 0.739433 1.15373 0 0.639541 1.23854 0.851747 0.877806 1.14476 1.56096 1.10682 0.961826 0.941219
0.619175 0.668603 1.5681 0.734432 1.59283 1.16816 1.21664 1.27967 1.3463 1.32198 1.32222 1.5764 1.58408 1.44161 1.48047 0.985888 0.925243 1.38886 0.6793 0.610708 1.07107 1.46956 1.32379 1.67097 1.31282 0.788457 1.12548 0.639541 0 1.21245 0.795696 0.921505 1.1003 1.54869 1.09099 0.916817 0.96262
1.18189 1.25656 1.33534 1.11977 1.40743 0.631692 0.644102 0.64071 1.04663 0.909287 0.99562 1.37741 1.38202 1.12082 1.18181 1.03697 1.31889 1.02121 1.14374 1.25116 1.03626 1.2127 1.03216 1.49678 0.710964 1.27223 0.88006 1.23854 1.21245 0 1.16767 1.30282 0.832349 1.33844 0.921453 1.03037 1.34031
0.731699 0.89754 1.53687 0.824863 1.5896 1.16036 1.16376 1.24154 1.35211 1.28028 1.30825 1.55884 1.56761 1.41025 1.43488 0.949308 0.996082 1.35277 0.748913 0.850212 0.960333 1.4718 1.32166 1.65466 1.27557 0.845908 1.07681 0.851747 0.795696 1.16767 0 0.964075 1.10876 1.52639 1.02266 0.902276 1.04677
0.929217 0.837987 1.61383 1.02448 1.65845 1.29742 1.30179 1.37482 1.44759 1.38368 1.40093 1.63103 1.63642 1.50723 1.52471 1.17678 0.541846 1.45611 0.99584 0.836205 1.19282 1.55161 1.43941 1.71702 1.40113 0.771727 1.26496 0.877806 0.921505 1.30282 0.964075 0 1.24436 1.59776 1.2316 1.123 0.612339
1.10275 1.13967 1.43431 0.994667 1.46809 0.811245 0.790715 0.926665 1.12699 1.0757 1.09141 1.43898 1.4354 1.24814 1.31008 0.952769 1.24822 1.16012 1.04475 1.14113 1.034 1.25406 0.92014 1.55682 1.00066 1.1888 0.823444 1.14476 1.1003 0.832349 1.10876 1.24436 0 1.40877 0.88267 0.91388 1.27053
1.5346 1.56836 0.841212 1.50665 0.668002 1.3602 1.35497 1.3164 1.20017 1.21664 1.18807 0.644277 0.705975 1.13066 1.07998 1.47244 1.60421 1.19629 1.51499 1.56983 1.46342 1.48188 1.55327 0.976912 1.33806 1.58015 1.40892 1.56096 1.54869 1.33844 1.52639 1.59776 1.40877 0 1.4288 1.46623 1.61824
1.0565 1.16331 1.42585 0.932993 1.48717 0.912989 0.897331 0.994787 1.20026 1.12426 1.16738 1.46157 1.46952 1.25353 1.31435 0.747705 1.24461 1.19752 0.981792 1.14104 0.827859 1.35241 1.13501 1.56524 1.03973 1.16717 0.630989 1.10682 1.09099 0.921453 1.02266 1.2316 0.88267 1.4288 0 0.722401 1.26818
0.894229 1.00157 1.47809 0.695376 1.52855 0.989336 1.02232 1.09367 1.25255 1.18971 1.21147 1.50105 1.50627 1.32131 1.37124 0.627213 1.13293 1.26342 0.805219 0.999916 0.81215 1.37789 1.17592 1.59936 1.15573 1.04277 0.839461 0.961826 0.916817 1.03037 0.902276 1.123 0.91388 1.46623 0.722401 0 1.16398
0.997648 0.886294 1.63753 1.07278 1.67343 1.32482 1.34386 1.40165 1.46507 1.42319 1.42481 1.64599 1.65339 1.52901 1.55804 1.21531 0.650362 1.48369 1.03193 0.89349 1.25812 1.56627 1.45684 1.73427 1.41372 0.815095 1.29475 0.941219 0.96262 1.34031 1.04677 0.612339 1.27053 1.61824 1.26818 1.16398 0
