0 0.752802 1.10121 0.743468 1.12372 0.953554 0.965206 0.996867 1.03117 1.00177 1.01092 1.10959 1.11026 1.05875 1.06814 0.853527 0.840454 1.0372 0.654794 0.693244 0.89344 1.15594 1.09265 1.14385 1.01715 0.749825 0.933983 0.70451 0.650119 0.959953 0.722896 0.833601 0.93071 1.09 0.905375 0.819275 0.881997
0.752802 0 1.12347 0.789032 1.13073 0.976264 1.00271 1.01074 1.03817 1.03116 1.02698 1.12341 1.11904 1.07449 1.09475 0.925321 0.789283 1.06138 0.779708 0.635653 0.968436 1.16352 1.10801 1.15129 1.04704 0.744137 0.969829 0.704662 0.677142 0.996785 0.809071 0.795613 0.934628 1.10455 0.955518 0.868898 0.806123
1.10121 1.12347 0 1.0919 0.78975 1.02941 1.0242 1.01057 0.947707 0.954192 0.948708 0.779199 0.783742 0.903604 0.865839 1.0768 1.12676 0.947087 1.09413 1.11577 1.07139 1.15652 1.17802 0.909939 1.01785 1.12329 1.05674 1.11743 1.11152 1.01752 1.09463 1.12392 1.06116 0.785205 1.0518 1.07282 1.13903
0.743468 0.789032 1.0919 0 1.10617 0.908831 0.931325 0.962581 1.00045 0.981411 0.984517 1.08974 1.09302 1.03993 1.05734 0.735653 0.886932 1.01874 0.671604 0.797584 0.817494 1.13545 1.06051 1.12854 0.987656 0.843165 0.8551 0.781694 0.726706 0.927719 0.79554 0.889074 0.879213 1.07886 0.830916 0.704551 0.91389
1.12372 1.13073 0.78975 1.10617 0 1.04806 1.05742 1.0355 0.97476 1.00478 0.986209 0.672443 0.67075 0.961615 0.93913 1.09974 1.14556 0.996176 1.1156 1.12718 1.0991 1.17422 1.1897 0.836259 1.04823 1.13733 1.06912 1.13138 1.11622 1.05199 1.11945 1.14458 1.06829 0.653406 1.07987 1.09481 1.15191
0.953554 0.976264 1.02941 0.908831 1.04806 0 0.749834 0.722334 0.888445 0.838673 0.87504 1.04698 1.0421 0.940426 0.982532 0.865825 1.00997 0.906222 0.929154 0.965447 0.892819 1.0458 0.965863 1.08933 0.785126 0.991063 0.823358 0.970561 0.94779 0.668651 0.951832 1.00969 0.778766 1.02658 0.82869 0.859218 1.02429
0.965206 1.00271 1.0242 0.931325 1.05742 0.749834 0 0.774746 0.915555 0.842527 0.894485 1.04793 1.04141 0.942178 0.966857 0.889068 1.01713 0.909666 0.945167 0.999225 0.888479 1.07138 0.946336 1.08815 0.732452 1.00746 0.797084 0.995532 0.980515 0.686389 0.951427 1.01045 0.748261 1.024 0.817139 0.880293 1.03761
0.996867 1.01074 1.01057 0.962581 1.0355 0.722334 0.774746 0 0.872975 0.813037 0.860717 1.03127 1.01838 0.891808 0.948323 0.933684 1.04676 0.860609 0.977609 1.01315 0.938947 1.04323 0.996381 1.06837 0.657658 1.0272 0.867769 1.01407 1.00255 0.659119 0.98949 1.0456 0.81928 1.0116 0.876823 0.911379 1.06007
1.03117 1.03817 0.947707 1.00045 0.97476 0.888445 0.915555 0.872975 0 0.746411 0.768995 0.967334 0.959729 0.761429 0.81518 0.985877 1.06475 0.816333 1.0159 1.03641 0.996241 1.01646 1.07096 1.04398 0.894328 1.04938 0.949948 1.03779 1.01987 0.892392 1.02865 1.06569 0.927236 0.961985 0.963144 0.982114 1.07408
1.00177 1.03116 0.954192 0.981411 1.00478 0.838673 0.842527 0.813037 0.746411 0 0.656454 0.992401 0.979703 0.76798 0.836475 0.962394 1.04018 0.721622 0.989042 1.02949 0.951516 0.962724 1.05263 1.04827 0.830045 1.03586 0.922563 1.02613 1.01537 0.810708 0.989968 1.03134 0.907146 0.967409 0.925212 0.952378 1.05841
1.01092 1.02698 0.948708 0.984517 0.986209 0.87504 0.894485 0.860717 0.768995 0.656454 0 0.977852 0.959789 0.78257 0.830701 0.976929 1.04306 0.711801 0.997534 1.03011 0.978048 0.988716 1.07212 1.03413 0.882311 1.03657 0.93138 1.02757 1.01423 0.869072 1.00836 1.04399 0.921327 0.950241 0.948596 0.96525 1.05625
1.10959 1.12341 0.779199 1.08974 0.672443 1.04698 1.04793 1.03127 0.967334 0.992401 0.977852 0 0.723412 0.944976 0.921863 1.08538 1.13273 0.985853 1.10197 1.12175 1.08764 1.16471 1.18055 0.861188 1.03964 1.12451 1.06106 1.11966 1.1117 1.04104 1.10644 1.13183 1.06384 0.654984 1.07169 1.08438 1.13922
1.11026 1.11904 0.783742 1.09302 0.67075 1.0421 1.04141 1.01838 0.959729 0.979703 0.959789 0.723412 0 0.936682 0.914339 1.08859 1.13306 0.966757 1.10185 1.1236 1.08513 1.16041 1.18059 0.83469 1.03249 1.12562 1.05294 1.12216 1.1129 1.03556 1.10589 1.1323 1.05019 0.688225 1.06874 1.08159 1.14067
1.05875 1.07449 0.903604 1.03993 0.961615 0.940426 0.942178 0.891808 0.761429 0.76798 0.78257 0.944976 0.936682 0 0.716736 1.01978 1.0908 0.790223 1.04663 1.07871 1.01956 1.0687 1.11455 1.01243 0.921251 1.08214 0.987884 1.07347 1.06606 0.926248 1.05129 1.08958 0.983834 0.932578 0.984667 1.01154 1.1026
1.06814 1.09475 0.865839 1.05734 0.93913 0.982532 0.966857 0.948323 0.81518 0.836475 0.830701 0.921863 0.914339 0.716736 0 1.04337 1.09766 0.833004 1.06085 1.09258 1.02997 1.09882 1.1404 0.999617 0.962318 1.09497 1.01429 1.08894 1.08226 0.95692 1.05739 1.09111 1.01599 0.910126 1.01481 1.03671 1.11317
0.853527 0.925321 1.0768 0.735653 1.09974 0.865825 0.889068 0.933684 0.985877 0.962394 0.976929 1.08538 1.08859 1.01978 1.04337 0 0.971152 1.00224 0.794376 0.90072 0.733174 1.13136 1.0501 1.12428 0.948376 0.931461 0.821419 0.896284 0.862972 0.890857 0.860227 0.967322 0.865639 1.07025 0.764048 0.665067 0.991192
0.840454 0.789283 1.12676 0.886932 1.14556 1.00997 1.01713 1.04676 1.06475 1.04018 1.04306 1.13273 1.13306 1.0908 1.09766 0.971152 0 1.07262 0.875653 0.792869 0.987881 1.18279 1.13739 1.16201 1.06241 0.752378 1.00586 0.816043 0.828765 1.01277 0.873745 0.608288 0.991049 1.1133 0.989197 0.935079 0.670206
1.0372 1.06138 0.947087 1.01874 0.996176 0.906222 0.909666 0.860609 0.816333 0.721622 0.711801 0.985853 0.966757 0.790223 0.833004 1.00224 1.07262 0 1.02622 1.06119 0.998912 1.01431 1.09167 1.03882 0.886149 1.06441 0.962718 1.05749 1.04679 0.886265 1.03144 1.0707 0.947437 0.961298 0.968832 0.995476 1.0868
0.654794 0.779708 1.09413 0.671604 1.1156 0.929154 0.945167 0.977609 1.0159 0.989042 0.997534 1.10197 1.10185 1.04663 1.06085 0.794376 0.875653 1.02622 0 0.763107 0.837003 1.14435 1.07464 1.13751 0.995049 0.812841 0.897215 0.76432 0.687261 0.942357 0.748037 0.876836 0.903694 1.08216 0.860871 0.77167 0.896982
0.693244 0.635653 1.11577 0.797584 1.12718 0.965447 0.999225 1.01315 1.03641 1.02949 1.03011 1.12175 1.1236 1.07871 1.09258 0.90072 0.792869 1.06119 0.763107 0 0.953741 1.16206 1.10498 1.15761 1.03915 0.728141 0.96715 0.667811 0.639093 0.994713 0.791426 0.796658 0.944331 1.10732 0.944935 0.871944 0.813622
0.89344 0.968436 1.07139 0.817494 1.0991 0.892819 0.888479 0.938947 0.996241 0.951516 0.978048 1.08764 1.08513 1.01956 1.02997 0.733174 0.987881 0.998912 0.837003 0.953741 0 1.13736 1.06409 1.12128 0.947858 0.962492 0.846396 0.948343 0.916309 0.892388 0.855744 0.976129 0.890223 1.06522 0.800782 0.761344 1.01434
1.15594 1.16352 1.15652 1.13545 1.17422 1.0458 1.07138 1.04323 1.01646 0.962724 0.988716 1.16471 1.16041 1.0687 1.09882 1.13136 1.18279 1.01431 1.14435 1.16206 1.13736 0 0.896709 1.21223 1.06455 1.17057 1.10536 1.16286 1.15393 1.04952 1.15768 1.18404 1.07825 1.15719 1.11306 1.12229 1.18901
1.09265 1.10801 1.17802 1.06051 1.1897 0.965863 0.946336 0.996381 1.07096 1.05263 1.07212 1.18055 1.18059 1.11455 1.1404 1.0501 1.13739 1.09167 1.07464 1.10498 1.06409 0.896709 0 1.22101 1.01125 1.11703 1.00539 1.10516 1.09105 0.963723 1.09657 1.13877 0.915921 1.17174 1.02007 1.03744 1.14583
1.14385 1.15129 0.909939 1.12854 0.836259 1.08933 1.08815 1.06837 1.04398 1.04827 1.03413 0.861188 0.83469 1.01243 0.999617 1.12428 1.16201 1.03882 1.13751 1.15761 1.12128 1.21223 1.22101 0 1.08321 1.15785 1.1009 1.15306 1.14685 1.08429 1.13935 1.16214 1.10539 0.838663 1.1069 1.11767 1.171
1.01715 1.04704 1.01785 0.987656 1.04823 0.785126 0.732452 0.657658 0.894328 0.830045 0.882311 1.03964 1.03249 0.921251 0.962318 0.948376 1.06241 0.886149 0.995049 1.03915 0.947858 1.06455 1.01125 1.08321 0 1.04569 0.867863 1.03904 1.02343 0.688309 1.00594 1.06138 0.853272 1.02099 0.888271 0.946332 1.06648
0.749825 0.744137 1.12329 0.843165 1.13733 0.991063 1.00746 1.0272 1.04938 1.03586 1.03657 1.12451 1.12562 1.08214 1.09497 0.931461 0.752378 1.06441 0.812841 0.728141 0.962492 1.17057 1.11703 1.15785 1.04569 0 0.977652 0.742822 0.764091 1.00309 0.810893 0.75042 0.964998 1.10955 0.960913 0.898285 0.773945
0.933983 0.969829 1.05674 0.8551 1.06912 0.823358 0.797084 0.867769 0.949948 0.922563 0.93138 1.06106 1.05294 0.987884 1.01429 0.821419 1.00586 0.962718 0.897215 0.96715 0.846396 1.10536 1.00539 1.1009 0.867863 0.977652 0 0.960438 0.934318 0.818461 0.924165 1.00446 0.780394 1.04564 0.713148 0.79465 1.02036
0.70451 0.704662 1.11743 0.781694 1.13138 0.970561 0.995532 1.01407 1.03779 1.02613 1.02757 1.11966 1.12216 1.07347 1.08894 0.896284 0.816043 1.05749 0.76432 0.667811 0.948343 1.16286 1.10516 1.15306 1.03904 0.742822 0.960438 0 0.66085 0.990719 0.798123 0.812572 0.947325 1.10488 0.937863 0.854937 0.843157
0.650119 0.677142 1.11152 0.726706 1.11622 0.94779 0.980515 1.00255 1.01987 1.01537 1.01423 1.1117 1.1129 1.06606 1.08226 0.862972 0.828765 1.04679 0.687261 0.639093 0.916309 1.15393 1.09105 1.14685 1.02343 0.764091 0.934318 0.66085 0 0.975423 0.760446 0.838549 0.921597 1.09694 0.916428 0.825226 0.854474
0.959953 0.996785 1.01752 0.927719 1.05199 0.668651 0.686389 0.659119 0.892392 0.810708 0.869072 1.04104 1.03556 0.926248 0.95692 0.890857 1.01277 0.886265 0.942357 0.994713 0.892388 1.04952 0.963723 1.08429 0.688309 1.00309 0.818461 0.990719 0.975423 0 0.951581 1.00708 0.78064 1.01605 0.829652 0.879451 1.03213
0.722896 0.809071 1.09463 0.79554 1.11945 0.951832 0.951427 0.98949 1.02865 0.989968 1.00836 1.10644 1.10589 1.05129 1.05739 0.860227 0.873745 1.03144 0.748037 0.791426 0.855744 1.15768 1.09657 1.13935 1.00594 0.810893 0.924165 0.798123 0.760446 0.951581 0 0.859571 0.937205 1.08548 0.89236 0.837847 0.90992
0.833601 0.795613 1.12392 0.889074 1.14458 1.00969 1.01045 1.0456 1.06569 1.03134 1.04399 1.13183 1.1323 1.08958 1.09111 0.967322 0.608288 1.0707 0.876836 0.796658 0.976129 1.18404 1.13877 1.16214 1.06138 0.75042 1.00446 0.812572 0.838549 1.00708 0.859571 0 0.992801 1.11227 0.986091 0.934938 0.651621
0.93071 0.934628 1.06116 0.879213 1.06829 0.778766 0.748261 0.81928 0.927236 0.907146 0.921327 1.06384 1.05019 0.983834 1.01599 0.865639 0.991049 0.947437 0.903694 0.944331 0.890223 1.07825 0.915921 1.10539 0.853272 0.964998 0.780394 0.947325 0.921597 0.78064 0.937205 0.992801 0 1.04524 0.820916 0.843119 1.00339
1.09 1.10455 0.785205 1.07886 0.653406 1.02658 1.024 1.0116 0.961985 0.967409 0.950241 0.654984 0.688225 0.932578 0.910126 1.07025 1.1133 0.961298 1.08216 1.10732 1.06522 1.15719 1.17174 0.838663 1.02099 1.10955 1.04564 1.10488 1.09694 1.01605 1.08548 1.11227 1.04524 0 1.05063 1.06245 1.12465
0.905375 0.955518 1.0518 0.830916 1.07987 0.82869 0.817139 0.876823 0.963144 0.925212 0.948596 1.07169 1.06874 0.984667 1.01481 0.764048 0.989197 0.968832 0.860871 0.944935 0.800782 1.11306 1.02007 1.1069 0.888271 0.960913 0.713148 0.937863 0.916428 0.829652 0.89236 0.986091 0.820916 1.05063 0 0.715837 1.00879
0.819275 0.868898 1.07282 0.704551 1.09481 0.859218 0.880293 0.911379 0.982114 0.952378 0.96525 1.08438 1.08159 1.01154 1.03671 0.665067 0.935079 0.995476 0.77167 0.871944 0.761344 1.12229 1.03744 1.11767 0.946332 0.898285 0.79465 0.854937 0.825226 0.879451 0.837847 0.934938 0.843119 1.06245 0.715837 0 0.9611
0.881997 0.806123 1.13903 0.91389 1.15191 1.02429 1.03761 1.06007 1.07408 1.05841 1.05625 1.13922 1.14067 1.1026 1.11317 0.991192 0.670206 1.0868 0.896982 0.813622 1.01434 1.18901 1.14583 1.171 1.06648 0.773945 1.02036 0.843157 0.854474 1.03213 0.90992 0.651621 1.00339 1.12465 1.00879 0.9611 0
