0 -0.728323 -7.09794 -0.676304 -7.49936 -3.08553 -2.66603 -3.38046 -5.10124 -4.85276 -4.63216 -8.85719 -7.64498 -5.59216 -5.49603 -1.14608 -1.461 -4.91349 -0.473 -0.640539 -1.27044 -5.55997 -3.40246 -9.92118 -3.46894 -1.19622 -1.7731 -0.609445 -0.481096 -3.35135 -1.11284 -1.3637 -2.56123 -8.78168 -1.54219 -1.04049 -1.4049
-0.728323 0 -8.20944 -0.736478 -7.74064 -3.72394 -2.79464 -3.71537 -5.72399 -5.66859 -4.09435 -9.98973 -7.3065 -6.24918 -6.52022 -1.34642 -1.50849 -5.3764 -0.885175 -0.337037 -2.06857 -4.81186 -3.28196 -11.2828 -3.65972 -1.47356 -1.94147 -0.695574 -0.418225 -3.78325 -1.65687 -1.41686 -2.21356 -9.68809 -1.7668 -1.17636 -1.48584
-7.09794 -8.20944 0 -8.32026 -1.11647 -5.30687 -4.54501 -5.55808 -2.2093 -3.08911 -2.76258 -1.1341 -1.41279 -3.1049 -2.55693 -7.03772 -10.2462 -4.17803 -6.97873 -6.33795 -6.49968 -3.81667 -5.86198 -2.4986 -4.27014 -9.5354 -8.50517 -9.36166 -7.24776 -5.40781 -11.5767 -8.63022 -4.82986 -1.30925 -8.75914 -8.45481 -8.84718
-0.676304 -0.736478 -8.32026 0 -7.74625 -3.71649 -2.42492 -4.21304 -6.00078 -6.6205 -4.3342 -12.7466 -7.8695 -6.77321 -7.30854 -0.842639 -2.10422 -6.32286 -0.521819 -0.904424 -0.909762 -5.01911 -2.9613 -14.7959 -3.48083 -2.17507 -1.50772 -1.39944 -0.631557 -4.05589 -2.45673 -1.9732 -2.04715 -11.0927 -1.18963 -0.627535 -2.00228
-7.49936 -7.74064 -1.11647 -7.74625 0 -5.00809 -5.29214 -5.57968 -2.85535 -3.64167 -3.51561 -0.699289 -0.614243 -3.47234 -2.97449 -7.11968 -9.49651 -4.33568 -7.62419 -7.56739 -7.97641 -4.56814 -6.07792 -1.02377 -4.90174 -9.34517 -7.40837 -8.88532 -7.8887 -5.48233 -9.71878 -8.59964 -5.54699 -0.531848 -7.69074 -7.82966 -9.2236
-3.08553 -3.72394 -5.30687 -3.71649 -5.00809 0 -0.791713 -0.658923 -2.67088 -2.30031 -1.68954 -7.01581 -4.9809 -2.68816 -3.50714 -2.29416 -4.78409 -1.90816 -3.0355 -2.86298 -2.46021 -2.41602 -1.64234 -8.49945 -0.803157 -4.79921 -2.66741 -4.71547 -3.1699 -0.565991 -5.72985 -4.4617 -0.779845 -6.33144 -3.0159 -3.34006 -4.66025
-2.66603 -2.79464 -4.54501 -2.42492 -5.29214 -0.791713 0 -0.884338 -2.63365 -1.8587 -2.4214 -6.60304 -5.55316 -2.71104 -3.62594 -2.14759 -4.00439 -2.29656 -2.80853 -2.94635 -2.19474 -2.8434 -1.61514 -7.32075 -0.781957 -3.83307 -1.70479 -3.49127 -2.70009 -0.562627 -4.19397 -3.72927 -0.7859 -5.39839 -1.93005 -2.28101 -3.76184
-3.38046 -3.71537 -5.55808 -4.21304 -5.57968 -0.658923 -0.884338 0 -3.19256 -2.98333 -2.09234 -9.91068 -5.59495 -3.28556 -4.27503 -2.76567 -5.12266 -2.4527 -3.80537 -3.45997 -2.88523 -3.00508 -1.8293 -11.0056 -0.573816 -5.72621 -3.32061 -5.70951 -3.62333 -0.506082 -7.6236 -4.56556 -1.01824 -7.89444 -3.79376 -4.2655 -4.68105
-5.10124 -5.72399 -2.2093 -6.00078 -2.85535 -2.67088 -2.63365 -3.19256 0 -1.08489 -0.87148 -3.31441 -3.23553 -0.917361 -0.99033 -4.87059 -6.32083 -1.85354 -5.36377 -5.11726 -4.78448 -1.78665 -3.19489 -4.69359 -2.71336 -7.52464 -5.17744 -6.76318 -6.14882 -3.27058 -7.85462 -6.37937 -2.74784 -3.3074 -5.55888 -5.76642 -6.67861
-4.85276 -5.66859 -3.08911 -6.6205 -3.64167 -2.30031 -1.8587 -2.98333 -1.08489 0 -0.471354 -5.02059 -3.91362 -0.865541 -1.1413 -4.29658 -6.06721 -1.22066 -5.06834 -4.71941 -3.99492 -1.58403 -2.77882 -6.92389 -2.24172 -7.87758 -5.52501 -7.8324 -5.74318 -3.09057 -8.70922 -5.3993 -2.35758 -4.97099 -5.85004 -6.23291 -6.17438
-4.63216 -4.09435 -2.76258 -4.3342 -3.51561 -1.68954 -2.4214 -2.09234 -0.87148 -0.471354 0 -3.91007 -3.47858 -0.77789 -1.28136 -4.58162 -6.43513 -0.892673 -4.69478 -4.57292 -4.5095 -1.52679 -3.21152 -4.70103 -1.9509 -5.8462 -4.15224 -5.22901 -4.61384 -2.01596 -6.85795 -6.02583 -2.46345 -3.43246 -4.51061 -4.67808 -5.2558
-8.85719 -9.98973 -1.1341 -12.7466 -0.699289 -7.01581 -6.60304 -9.91068 -3.31441 -5.02059 -3.91007 0 -1.11181 -4.52476 -4.60968 -9.03226 -10.8059 -7.5871 -10.364 -8.67938 -8.50677 -4.5381 -6.2987 -2.29953 -6.37525 -12.8057 -13.2213 -14.4881 -10.0753 -8.64118 -17.4473 -9.58618 -5.89489 -0.579649 -13.7673 -14.1887 -10.0931
-7.64498 -7.3065 -1.41279 -7.8695 -0.614243 -4.9809 -5.55316 -5.59495 -3.23553 -3.91362 -3.47858 -1.11181 0 -3.4594 -3.09309 -7.02842 -8.06376 -4.48016 -8.12308 -8.43948 -7.42307 -4.77728 -5.8269 -1.0037 -5.60635 -8.8806 -7.36686 -8.76991 -7.77249 -5.66416 -9.81192 -8.42469 -5.21313 -0.926168 -7.80314 -7.53047 -7.93826
-5.59216 -6.24918 -3.1049 -6.77321 -3.47234 -2.68816 -2.71104 -3.28556 -0.917361 -0.865541 -0.77789 -4.52476 -3.4594 0 -0.647409 -5.46886 -8.03246 -1.51061 -5.86177 -5.26624 -4.867 -2.15658 -3.87482 -6.10665 -2.5596 -8.60859 -6.42473 -7.8762 -6.33987 -3.30727 -10.0983 -6.60049 -3.02541 -4.77319 -6.82057 -6.6821 -6.7477
-5.49603 -6.52022 -2.55693 -7.30854 -2.97449 -3.50714 -3.62594 -4.27503 -0.99033 -1.1413 -1.28136 -4.60968 -3.09309 -0.647409 0 -5.8327 -8.81007 -2.30917 -6.36166 -5.62688 -5.49932 -2.52012 -4.31128 -5.96354 -2.92091 -8.15804 -7.98361 -8.83334 -5.91641 -3.72854 -12.1763 -7.15892 -3.23907 -3.66909 -8.45232 -8.45225 -7.23027
-1.14608 -1.34642 -7.03772 -0.842639 -7.11968 -2.29416 -2.14759 -2.76567 -4.87059 -4.29658 -4.58162 -9.03226 -7.02842 -5.46886 -5.8327 0 -2.80866 -4.63183 -1.0138 -1.30099 -0.63537 -4.77178 -2.91995 -9.94982 -2.7951 -2.47133 -0.962877 -1.65022 -1.19186 -2.45284 -2.43403 -2.49029 -1.63385 -8.55689 -0.602267 -0.484161 -2.41697
-1.461 -1.50849 -10.2462 -2.10422 -9.49651 -4.78409 -4.00439 -5.12266 -6.32083 -6.06721 -6.43513 -10.8059 -8.06376 -8.03246 -8.81007 -2.80866 0 -7.06963 -1.83115 -0.987016 -2.66063 -6.21476 -5.21456 -11.3249 -4.43131 -0.762161 -3.75854 -1.35528 -1.47438 -4.57234 -1.37788 -0.323066 -3.53445 -10.2104 -3.55168 -2.87108 -0.493454
-4.91349 -5.3764 -4.17803 -6.32286 -4.33568 -1.90816 -2.29656 -2.4527 -1.85354 -1.22066 -0.892673 -7.5871 -4.48016 -1.51061 -2.30917 -4.63183 -7.06963 0 -5.3616 -4.78014 -4.51597 -2.0488 -2.95083 -8.87072 -1.75328 -7.6552 -6.03925 -8.21278 -5.29798 -2.29957 -10.6301 -6.08168 -2.1461 -6.03573 -6.57352 -7.07384 -6.07119
-0.473 -0.885175 -6.97873 -0.521819 -7.62419 -3.0355 -2.80853 -3.80537 -5.36377 -5.06834 -4.69478 -10.364 -8.12308 -5.86177 -6.36166 -1.0138 -1.83115 -5.3616 0 -0.773464 -1.13123 -5.46002 -3.21028 -11.5009 -3.5689 -1.61513 -1.81292 -0.959002 -0.602289 -3.22019 -1.62635 -1.62259 -2.24278 -9.25163 -1.42758 -0.889832 -1.76171
-0.640539 -0.337037 -6.33795 -0.904424 -7.56739 -2.86298 -2.94635 -3.45997 -5.11726 -4.71941 -4.57292 -8.67938 -8.43948 -5.26624 -5.62688 -1.30099 -0.987016 -4.78014 -0.773464 0 -1.67192 -5.53527 -3.47238 -10.0334 -3.66142 -1.05704 -1.96517 -0.490872 -0.377738 -3.36185 -1.22248 -1.17784 -2.3999 -8.17058 -1.75668 -1.17363 -1.17194
-1.27044 -2.06857 -6.49968 -0.909762 -7.97641 -2.46021 -2.19474 -2.88523 -4.78448 -3.99492 -4.5095 -8.50677 -7.42307 -4.867 -5.49932 -0.63537 -2.66063 -4.51597 -1.13123 -1.67192 0 -4.91364 -2.9429 -9.75464 -2.68027 -2.08415 -1.20201 -2.05326 -1.41037 -2.60718 -1.67034 -2.40734 -2.00206 -7.89786 -0.897959 -0.728239 -3.03874
-5.55997 -4.81186 -3.81667 -5.01911 -4.56814 -2.41602 -2.8434 -3.00508 -1.78665 -1.58403 -1.52679 -4.5381 -4.77728 -2.15658 -2.52012 -4.77178 -6.21476 -2.0488 -5.46002 -5.53527 -4.91364 0 -1.75246 -5.75542 -2.80343 -6.67323 -4.56682 -5.89752 -5.43388 -2.88941 -6.91719 -5.90622 -3.16503 -4.82216 -4.86926 -4.98961 -5.88076
-3.40246 -3.28196 -5.86198 -2.9613 -6.07792 -1.64234 -1.61514 -1.8293 -3.19489 -2.77882 -3.21152 -6.2987 -5.8269 -3.87482 -4.31128 -2.91995 -5.21456 -2.95083 -3.21028 -3.47238 -2.9429 -1.75246 0 -7.03215 -2.00583 -4.28641 -2.43718 -3.7102 -3.31275 -1.59371 -4.70115 -4.53813 -1.3741 -6.14412 -2.74586 -2.9108 -4.3563
-9.92118 -11.2828 -2.4986 -14.7959 -1.02377 -8.49945 -7.32075 -11.0056 -4.69359 -6.92389 -4.70103 -2.29953 -1.0037 -6.10665 -5.96354 -9.94982 -11.3249 -8.87072 -11.5009 -10.0334 -9.75464 -5.75542 -7.03215 0 -7.95113 -14.5986 -13.9299 -16.6052 -11.5227 -10.6242 -17.91 -10.5915 -6.95283 -1.63919 -14.4547 -14.7128 -10.9896
-3.46894 -3.65972 -4.27014 -3.48083 -4.90174 -0.803157 -0.781957 -0.573816 -2.71336 -2.24172 -1.9509 -6.37525 -5.60635 -2.5596 -2.92091 -2.7951 -4.43131 -1.75328 -3.5689 -3.66142 -2.68027 -2.80343 -2.00583 -7.95113 0 -4.8511 -2.4483 -4.61536 -3.64603 -0.664129 -5.1174 -4.33892 -1.21848 -5.98552 -2.70603 -3.04619 -4.35495
-1.19622 -1.47356 -9.5354 -2.17507 -9.34517 -4.79921 -3.83307 -5.72621 -7.52464 -7.87758 -5.8462 -12.8057 -8.8806 -8.60859 -8.15804 -2.47133 -0.762161 -7.6552 -1.61513 -1.05704 -2.08415 -6.67323 -4.28641 -14.5986 -4.8511 0 -3.42381 -1.15623 -1.53244 -5.46438 -0.805258 -0.678332 -3.60262 -12.7622 -3.10161 -2.58767 -0.663313
-1.7731 -1.94147 -8.50517 -1.50772 -7.40837 -2.66741 -1.70479 -3.32061 -5.17744 -5.52501 -4.15224 -13.2213 -7.36686 -6.42473 -7.98361 -0.962877 -3.75854 -6.03925 -1.81292 -1.96517 -1.20201 -4.56682 -2.43718 -13.9299 -2.4483 -3.42381 0 -2.87252 -1.79711 -2.86448 -5.36362 -3.19074 -1.33181 -10.5514 -0.714029 -1.19473 -3.07843
-0.609445 -0.695574 -9.36166 -1.39944 -8.88532 -4.71547 -3.49127 -5.70951 -6.76318 -7.8324 -5.22901 -14.4881 -8.76991 -7.8762 -8.83334 -1.65022 -1.35528 -8.21278 -0.959002 -0.490872 -2.05326 -5.89752 -3.7102 -16.6052 -4.61536 -1.15623 -2.87252 0 -0.686378 -5.36062 -1.56786 -1.30057 -2.89672 -12.3819 -2.50865 -1.89277 -1.35211
-0.481096 -0.418225 -7.24776 -0.631557 -7.8887 -3.1699 -2.70009 -3.62333 -6.14882 -5.74318 -4.61384 -10.0753 -7.77249 -6.33987 -5.91641 -1.19186 -1.47438 -5.29798 -0.602289 -0.377738 -1.41037 -5.43388 -3.31275 -11.5227 -3.64603 -1.53244 -1.79711 -0.686378 0 -3.64577 -1.5302 -1.46698 -2.33683 -9.94161 -1.61277 -0.969114 -1.59657
-3.35135 -3.78325 -5.40781 -4.05589 -5.48233 -0.565991 -0.562627 -0.506082 -3.27058 -3.09057 -2.01596 -8.64118 -5.66416 -3.30727 -3.72854 -2.45284 -4.57234 -2.29957 -3.22019 -3.36185 -2.60718 -2.88941 -1.59371 -10.6242 -0.664129 -5.46438 -2.86448 -5.36062 -3.64577 0 -6.32239 -4.38403 -0.793153 -7.69235 -3.22593 -3.6437 -4.5729
-1.11284 -1.65687 -11.5767 -2.45673 -9.71878 -5.72985 -4.19397 -7.6236 -7.85462 -8.70922 -6.85795 -17.4473 -9.81192 -10.0983 -12.1763 -2.43403 -1.37788 -10.6301 -1.62635 -1.22248 -1.67034 -6.91719 -4.70115 -17.91 -5.1174 -0.805258 -5.36362 -1.56786 -1.5302 -6.32239 0 -1.08601 -3.53953 -13.9591 -4.65953 -3.50858 -1.27624
-1.3637 -1.41686 -8.63022 -1.9732 -8.59964 -4.4617 -3.72927 -4.56556 -6.37937 -5.3993 -6.02583 -9.58618 -8.42469 -6.60049 -7.15892 -2.49029 -0.323066 -6.08168 -1.62259 -1.17784 -2.40734 -5.90622 -4.53813 -10.5915 -4.33892 -0.678332 -3.19074 -1.30057 -1.46698 -4.38403 -1.08601 0 -3.55678 -8.95789 -2.93021 -2.44851 -0.549482
-2.56123 -2.21356 -4.82986 -2.04715 -5.54699 -0.779845 -0.7859 -1.01824 -2.74784 -2.35758 -2.46345 -5.89489 -5.21313 -3.02541 -3.23907 -1.63385 -3.53445 -2.1461 -2.24278 -2.3999 -2.00206 -3.16503 -1.3741 -6.95283 -1.21848 -3.60262 -1.33181 -2.89672 -2.33683 -0.793153 -3.53953 -3.55678 0 -6.01566 -1.63069 -1.78109 -3.42508
-8.78168 -9.68809 -1.30925 -11.0927 -0.531848 -6.33144 -5.39839 -7.89444 -3.3074 -4.97099 -3.43246 -0.579649 -0.926168 -4.77319 -3.66909 -8.55689 -10.2104 -6.03573 -9.25163 -8.17058 -7.89786 -4.82216 -6.14412 -1.63919 -5.98552 -12.7622 -10.5514 -12.3819 -9.94161 -7.69235 -13.9591 -8.95789 -6.01566 0 -11.0006 -10.9933 -9.72047
-1.54219 -1.7668 -8.75914 -1.18963 -7.69074 -3.0159 -1.93005 -3.79376 -5.55888 -5.85004 -4.51061 -13.7673 -7.80314 -6.82057 -8.45232 -0.602267 -3.55168 -6.57352 -1.42758 -1.75668 -0.897959 -4.86926 -2.74586 -14.4547 -2.70603 -3.10161 -0.714029 -2.50865 -1.61277 -3.22593 -4.65953 -2.93021 -1.63069 -11.0006 0 -0.690058 -2.86602
-1.04049 -1.17636 -8.45481 -0.627535 -7.82966 -3.34006 -2.28101 -4.2655 -5.76642 -6.23291 -4.67808 -14.1887 -7.53047 -6.6821 -8.45225 -0.484161 -2.87108 -7.07384 -0.889832 -1.17363 -0.728239 -4.98961 -2.9108 -14.7128 -3.04619 -2.58767 -1.19473 -1.89277 -0.969114 -3.6437 -3.50858 -2.44851 -1.78109 -10.9933 -0.690058 0 -2.38226
-1.4049 -1.48584 -8.84718 -2.00228 -9.2236 -4.66025 -3.76184 -4.68105 -6.67861 -6.17438 -5.2558 -10.0931 -7.93826 -6.7477 -7.23027 -2.41697 -0.493454 -6.07119 -1.76171 -1.17194 -3.03874 -5.88076 -4.3563 -10.9896 -4.35495 -0.663313 -3.07843 -1.35211 -1.59657 -4.5729 -1.27624 -0.549482 -3.42508 -9.72047 -2.86602 -2.38226 0
