0 -1.82121 -1.59317 -1.14369 -1.27701 -1.44572 -1.06564 -1.02782 -1.40633 -1.05103 -0.997279 -1.88454 -1.0885 -1.28079 -1.1113 -1.41433 -2.04258 -1.26122 -1.29462 -1.39335 -1.60753 -1.8971 -1.45776 -1.96206 -1.9589 -1.58724 -1.46034 -1.58606 -1.75407 -1.1998 -2.21893 -1.67494 -2.15769 -1.1818 -1.99745 -1.76363 -1.86511
-1.82121 0 -1.26019 -1.08445 -1.13068 -0.907362 -1.02934 -1.28014 -1.21495 -1.16472 -1.23428 -1.47477 -1.29389 -1.09478 -0.8691 -1.03566 -1.21757 -2.32331 -1.19952 -1.08588 -1.33688 -2.39114 -2.07926 -1.17447 -0.994368 -0.935742 -0.970968 -0.973026 -1.12217 -0.95987 -1.1099 -1.59065 -1.05948 -1.07998 -1.01603 -0.9237 -0.886662
-1.59317 -1.26019 0 -1.34646 -1.37148 -1.53252 -0.932592 -0.936112 -1.71639 -1.5062 -1.14551 -1.7678 -1.55639 -1.06095 -1.13101 -0.963437 -1.66788 -1.95414 -1.19863 -0.771115 -0.923208 -2.35047 -1.85286 -1.12634 -1.41063 -1.31856 -1.32607 -1.50781 -1.53545 -1.26788 -1.50536 -2.0576 -1.4982 -1.52435 -1.27095 -1.2465 -1.23753
-1.14369 -1.08445 -1.34646 0 -0.857618 -0.760082 -1.01859 -0.795444 -0.676174 -0.728897 -0.899656 -1.58694 -0.681999 -0.673359 -0.971271 -0.843723 -1.02329 -2.00519 -1.06616 -0.919587 -0.698032 -1.87888 -1.92728 -1.17737 -1.06621 -0.843275 -0.869995 -0.871447 -0.907217 -0.61047 -1.22814 -1.03688 -1.55344 -0.701654 -1.27353 -0.69476 -0.684905
-1.27701 -1.13068 -1.37148 -0.857618 0 -0.73441 -0.82087 -1.10123 -0.84188 -0.769399 -0.839289 -1.03421 -0.742342 -0.819784 -0.681923 -1.2135 -1.48661 -1.92355 -0.953359 -1.13103 -1.31429 -1.92159 -1.92236 -0.980439 -1.41521 -1.13864 -1.32384 -0.809483 -1.27746 -0.871935 -1.67245 -1.38094 -1.13816 -0.556516 -1.37652 -1.03506 -1.11738
-1.44572 -0.907362 -1.53252 -0.760082 -0.73441 0 -0.987015 -1.00826 -0.551113 -0.906336 -0.782989 -1.3849 -0.744364 -0.648671 -0.97164 -0.765477 -1.0725 -2.14746 -0.767051 -1.28794 -0.997516 -1.68031 -1.88128 -0.857249 -0.897619 -0.812156 -0.846177 -0.844882 -1.12477 -0.836213 -1.06964 -1.23366 -1.03047 -0.764213 -1.32231 -0.738806 -0.554269
-1.06564 -1.02934 -0.932592 -1.01859 -0.82087 -0.987015 0 -0.817537 -1.11261 -0.822501 -0.793161 -1.14963 -0.982434 -0.778337 -0.673152 -0.973193 -1.46067 -1.49892 -0.761632 -0.695524 -1.06831 -2.17863 -1.64084 -0.971843 -1.27846 -1.00541 -1.02745 -1.02118 -1.27995 -0.916115 -1.53578 -1.58321 -1.1296 -0.900305 -1.16132 -1.14148 -1.11227
-1.02782 -1.28014 -0.936112 -0.795444 -1.10123 -1.00826 -0.817537 0 -1.14702 -1.06965 -0.428186 -1.73462 -1.04171 -0.677176 -0.725314 -0.675245 -1.21356 -1.45251 -0.662175 -0.513064 -0.496044 -1.67772 -1.37731 -1.00232 -0.96944 -0.898484 -0.823906 -0.936695 -1.14379 -0.861498 -1.25341 -1.52522 -1.58853 -1.16914 -1.37358 -0.890076 -0.750281
-1.40633 -1.21495 -1.71639 -0.676174 -0.84188 -0.551113 -1.11261 -1.14702 0 -0.761918 -0.872274 -1.11187 -0.588667 -0.876111 -1.22088 -1.09088 -1.28879 -2.15619 -0.877619 -1.3842 -1.1759 -1.56324 -1.89526 -1.19714 -1.26256 -1.12829 -0.998858 -0.986328 -1.25297 -0.971518 -1.43259 -0.983549 -1.168 -0.504539 -1.60702 -1.07312 -0.966494
-1.05103 -1.16472 -1.5062 -0.728897 -0.769399 -0.906336 -0.822501 -1.06965 -0.761918 0 -0.905628 -1.28142 -0.725381 -0.952664 -0.938107 -1.12935 -1.52639 -1.7483 -0.942372 -1.06289 -1.25234 -1.84256 -1.77216 -1.18481 -1.45226 -1.25915 -1.23725 -0.971394 -1.41212 -1.04137 -1.58484 -1.17432 -1.3368 -0.632615 -1.56334 -1.1337 -1.032
-0.997279 -1.23428 -1.14551 -0.899656 -0.839289 -0.782989 -0.793161 -0.428186 -0.872274 -0.905628 0 -1.53466 -0.701002 -0.695217 -0.800743 -0.772667 -1.33144 -1.38356 -0.464417 -0.695153 -0.637964 -1.46332 -1.26189 -0.975257 -1.06933 -1.04362 -1.00733 -0.869357 -1.23324 -0.942738 -1.34217 -1.24664 -1.37632 -0.887187 -1.58871 -0.997833 -0.787794
-1.88454 -1.47477 -1.7678 -1.58694 -1.03421 -1.3849 -1.14963 -1.73462 -1.11187 -1.28142 -1.53466 0 -1.15916 -1.42219 -0.902037 -1.68102 -2.03872 -2.52349 -1.45258 -1.60955 -1.93448 -2.24025 -2.32204 -1.5504 -1.8942 -1.70228 -1.71038 -1.50288 -1.81495 -1.52871 -2.02168 -1.60472 -1.03896 -0.978681 -1.35937 -1.69719 -1.76632
-1.0885 -1.29389 -1.55639 -0.681999 -0.742342 -0.744364 -0.982434 -1.04171 -0.588667 -0.725381 -0.701002 -1.15916 0 -0.717784 -0.89744 -1.10836 -1.34796 -1.81672 -0.835696 -1.18332 -1.05049 -1.71334 -1.73666 -1.30679 -1.329 -1.19685 -1.14952 -0.972888 -1.28916 -0.727795 -1.58197 -1.01697 -1.34369 -0.548838 -1.62964 -1.13879 -0.976333
-1.28079 -1.09478 -1.06095 -0.673359 -0.819784 -0.648671 -0.778337 -0.677176 -0.876111 -0.952664 -0.695217 -1.42219 -0.717784 0 -0.891536 -0.507693 -0.92989 -1.6228 -0.775212 -0.921366 -0.659872 -1.89132 -1.75509 -0.828027 -0.881681 -0.812624 -0.697553 -0.943531 -0.831561 -0.517022 -0.999805 -1.30502 -1.33495 -0.867625 -1.24964 -0.697917 -0.60899
-1.1113 -0.8691 -1.13101 -0.971271 -0.681923 -0.97164 -0.673152 -0.725314 -1.22088 -0.938107 -0.800743 -0.902037 -0.89744 -0.891536 0 -0.634628 -1.06196 -1.86936 -1.08692 -0.901201 -1.012 -2.12457 -1.82751 -0.854835 -0.784671 -0.607718 -0.552276 -0.611451 -0.903671 -0.465895 -1.08141 -1.47845 -1.1718 -0.858961 -1.00067 -0.714662 -0.729765
-1.41433 -1.03566 -0.963437 -0.843723 -1.2135 -0.765477 -0.973193 -0.675245 -1.09088 -1.12935 -0.772667 -1.68102 -1.10836 -0.507693 -0.634628 0 -0.811045 -1.92457 -1.00312 -0.852203 -0.570489 -2.06062 -1.83732 -0.729212 -0.692673 -0.598094 -0.626739 -1.06449 -0.726364 -0.550658 -0.873662 -1.55607 -1.44381 -1.10549 -1.09322 -0.545658 -0.48992
-2.04258 -1.21757 -1.66788 -1.02329 -1.48661 -1.0725 -1.46067 -1.21356 -1.28879 -1.52639 -1.33144 -2.03872 -1.34796 -0.92989 -1.06196 -0.811045 0 -2.62296 -1.56321 -1.33193 -1.04235 -2.36015 -2.29073 -1.14343 -0.693215 -0.568494 -0.639965 -1.40478 -0.498478 -0.890508 -0.808528 -1.8347 -1.61469 -1.45783 -1.05717 -0.759603 -0.835434
-1.26122 -2.32331 -1.95414 -2.00519 -1.92355 -2.14746 -1.49892 -1.45251 -2.15619 -1.7483 -1.38356 -2.52349 -1.81672 -1.6228 -1.86936 -1.92457 -2.62296 0 -1.62592 -1.46832 -1.7743 -1.96042 -1.72537 -1.85146 -2.44264 -2.1293 -2.31647 -1.94335 -2.42489 -2.14469 -2.70756 -2.31599 -2.56138 -2.033 -2.51741 -2.19551 -1.98901
-1.29462 -1.19952 -1.19863 -1.06616 -0.953359 -0.767051 -0.761632 -0.662175 -0.877619 -0.942372 -0.464417 -1.45258 -0.835696 -0.775212 -1.08692 -1.00312 -1.56321 -1.62592 0 -0.795414 -0.829938 -1.46873 -1.34515 -1.19465 -1.4379 -1.29659 -1.24874 -1.02124 -1.48471 -1.14015 -1.61663 -1.28383 -1.26266 -0.911461 -1.73943 -1.23639 -1.06195
-1.39335 -1.08588 -0.771115 -0.919587 -1.13103 -1.28794 -0.695524 -0.513064 -1.3842 -1.06289 -0.695153 -1.60955 -1.18332 -0.921366 -0.901201 -0.852203 -1.33193 -1.46832 -0.795414 0 -0.651416 -1.96251 -1.46273 -1.26427 -1.24304 -0.913715 -1.02996 -1.11352 -1.20774 -0.997316 -1.41402 -1.67226 -1.53161 -1.27928 -1.1649 -0.99265 -1.04163
-1.60753 -1.33688 -0.923208 -0.698032 -1.31429 -0.997516 -1.06831 -0.496044 -1.1759 -1.25234 -0.637964 -1.93448 -1.05049 -0.659872 -1.012 -0.570489 -1.04235 -1.7743 -0.829938 -0.651416 0 -1.69651 -1.56004 -1.31151 -1.10432 -0.909183 -0.892432 -1.14032 -1.02776 -0.861212 -1.19412 -1.48072 -1.78291 -1.32594 -1.33175 -0.717699 -0.666147
-1.8971 -2.39114 -2.35047 -1.87888 -1.92159 -1.68031 -2.17863 -1.67772 -1.56324 -1.84256 -1.46332 -2.24025 -1.71334 -1.89132 -2.12457 -2.06062 -2.36015 -1.96042 -1.46873 -1.96251 -1.69651 0 -0.79534 -2.16737 -2.17996 -2.16184 -2.11864 -2.03716 -2.3793 -2.07527 -2.35567 -2.09476 -2.18503 -1.83888 -2.69519 -2.12462 -1.85285
-1.45776 -2.07926 -1.85286 -1.92728 -1.92236 -1.88128 -1.64084 -1.37731 -1.89526 -1.77216 -1.26189 -2.32204 -1.73666 -1.75509 -1.82751 -1.83732 -2.29073 -1.72537 -1.34515 -1.46273 -1.56004 -0.79534 0 -2.00323 -2.08892 -1.97328 -2.00676 -1.78267 -2.24844 -1.98424 -2.28467 -2.15825 -2.34643 -1.80661 -2.40829 -2.0531 -1.85684
-1.96206 -1.17447 -1.12634 -1.17737 -0.980439 -0.857249 -0.971843 -1.00232 -1.19714 -1.18481 -0.975257 -1.5504 -1.30679 -0.828027 -0.854835 -0.729212 -1.14343 -1.85146 -1.19465 -1.26427 -1.31151 -2.16737 -2.00323 0 -0.964327 -0.904569 -0.919387 -1.03437 -1.02817 -0.973717 -1.06754 -1.8076 -1.27999 -1.01063 -1.2677 -0.935352 -0.874794
-1.9589 -0.994368 -1.41063 -1.06621 -1.41521 -0.897619 -1.27846 -0.96944 -1.26256 -1.45226 -1.06933 -1.8942 -1.329 -0.881681 -0.784671 -0.692673 -0.693215 -2.44264 -1.4379 -1.24304 -1.10432 -2.17996 -2.08892 -0.964327 0 -0.419781 -0.434427 -1.24339 -0.814042 -0.800421 -0.429771 -1.83659 -1.43187 -1.31966 -1.03865 -0.951905 -0.745412
-1.58724 -0.935742 -1.31856 -0.843275 -1.13864 -0.812156 -1.00541 -0.898484 -1.12829 -1.25915 -1.04362 -1.70228 -1.19685 -0.812624 -0.607718 -0.598094 -0.568494 -2.1293 -1.29659 -0.913715 -0.909183 -2.16184 -1.97328 -0.904569 -0.419781 0 -0.424116 -0.94009 -0.662446 -0.767451 -0.602922 -1.55412 -1.33869 -1.1079 -0.81386 -0.482847 -0.517644
-1.46034 -0.970968 -1.32607 -0.869995 -1.32384 -0.846177 -1.02745 -0.823906 -0.998858 -1.23725 -1.00733 -1.71038 -1.14952 -0.697553 -0.552276 -0.626739 -0.639965 -2.31647 -1.24874 -1.02996 -0.892432 -2.11864 -2.00676 -0.919387 -0.434427 -0.424116 0 -1.10798 -0.62453 -0.642488 -0.745906 -1.53777 -1.26566 -1.1408 -0.861124 -0.697411 -0.67361
-1.58606 -0.973026 -1.50781 -0.871447 -0.809483 -0.844882 -1.02118 -0.936695 -0.986328 -0.971394 -0.869357 -1.50288 -0.972888 -0.943531 -0.611451 -1.06449 -1.40478 -1.94335 -1.02124 -1.11352 -1.14032 -2.03716 -1.78267 -1.03437 -1.24339 -0.94009 -1.10798 0 -1.2634 -0.840464 -1.52564 -1.19067 -1.25622 -0.91432 -1.41254 -0.906619 -0.836024
-1.75407 -1.12217 -1.53545 -0.907217 -1.27746 -1.12477 -1.27995 -1.14379 -1.25297 -1.41212 -1.23324 -1.81495 -1.28916 -0.831561 -0.903671 -0.726364 -0.498478 -2.42489 -1.48471 -1.20774 -1.02776 -2.3793 -2.24844 -1.02817 -0.814042 -0.662446 -0.62453 -1.2634 0 -0.788199 -0.816532 -1.71856 -1.44606 -1.23328 -0.921718 -0.536157 -0.901009
-1.1998 -0.95987 -1.26788 -0.61047 -0.871935 -0.836213 -0.916115 -0.861498 -0.971518 -1.04137 -0.942738 -1.52871 -0.727795 -0.517022 -0.465895 -0.550658 -0.890508 -2.14469 -1.14015 -0.997316 -0.861212 -2.07527 -1.98424 -0.973717 -0.800421 -0.767451 -0.642488 -0.840464 -0.788199 0 -1.06211 -1.40631 -1.27838 -0.913804 -1.15251 -0.664681 -0.695318
-2.21893 -1.1099 -1.50536 -1.22814 -1.67245 -1.06964 -1.53578 -1.25341 -1.43259 -1.58484 -1.34217 -2.02168 -1.58197 -0.999805 -1.08141 -0.873662 -0.808528 -2.70756 -1.61663 -1.41402 -1.19412 -2.35567 -2.28467 -1.06754 -0.429771 -0.602922 -0.745906 -1.52564 -0.816532 -1.06211 0 -2.08997 -1.58955 -1.43499 -1.10184 -0.939384 -0.974054
-1.67494 -1.59065 -2.0576 -1.03688 -1.38094 -1.23366 -1.58321 -1.52522 -0.983549 -1.17432 -1.24664 -1.60472 -1.01697 -1.30502 -1.47845 -1.55607 -1.8347 -2.31599 -1.28383 -1.67226 -1.48072 -2.09476 -2.15825 -1.8076 -1.83659 -1.55412 -1.53777 -1.19067 -1.71856 -1.40631 -2.08997 0 -1.63689 -1.10308 -2.10386 -1.70081 -1.52825
-2.15769 -1.05948 -1.4982 -1.55344 -1.13816 -1.03047 -1.1296 -1.58853 -1.168 -1.3368 -1.37632 -1.03896 -1.34369 -1.33495 -1.1718 -1.44381 -1.61469 -2.56138 -1.26266 -1.53161 -1.78291 -2.18503 -2.34643 -1.27999 -1.43187 -1.33869 -1.26566 -1.25622 -1.44606 -1.27838 -1.58955 -1.63689 0 -1.0571 -1.167 -1.41358 -1.37238
-1.1818 -1.07998 -1.52435 -0.701654 -0.556516 -0.764213 -0.900305 -1.16914 -0.504539 -0.632615 -0.887187 -0.978681 -0.548838 -0.867625 -0.858961 -1.10549 -1.45783 -2.033 -0.911461 -1.27928 -1.32594 -1.83888 -1.80661 -1.01063 -1.31966 -1.1079 -1.1408 -0.91432 -1.23328 -0.913804 -1.43499 -1.10308 -1.0571 0 -1.47866 -1.09833 -1.10191
-1.99745 -1.01603 -1.27095 -1.27353 -1.37652 -1.32231 -1.16132 -1.37358 -1.60702 -1.56334 -1.58871 -1.35937 -1.62964 -1.24964 -1.00067 -1.09322 -1.05717 -2.51741 -1.73943 -1.1649 -1.33175 -2.69519 -2.40829 -1.2677 -1.03865 -0.81386 -0.861124 -1.41254 -0.921718 -1.15251 -1.10184 -2.10386 -1.167 -1.47866 0 -0.936101 -1.13969
-1.76363 -0.9237 -1.2465 -0.69476 -1.03506 -0.738806 -1.14148 -0.890076 -1.07312 -1.1337 -0.997833 -1.69719 -1.13879 -0.697917 -0.714662 -0.545658 -0.759603 -2.19551 -1.23639 -0.99265 -0.717699 -2.12462 -2.0531 -0.935352 -0.951905 -0.482847 -0.697411 -0.906619 -0.536157 -0.664681 -0.939384 -1.70081 -1.41358 -1.09833 -0.936101 0 -0.573458
-1.86511 -0.886662 -1.23753 -0.684905 -1.11738 -0.554269 -1.11227 -0.750281 -0.966494 -1.032 -0.787794 -1.76632 -0.976333 -0.60899 -0.729765 -0.48992 -0.835434 -1.98901 -1.06195 -1.04163 -0.666147 -1.85285 -1.85684 -0.874794 -0.745412 -0.517644 -0.67361 -0.836024 -0.901009 -0.695318 -0.974054 -1.52825 -1.37238 -1.10191 -1.13969 -0.573458 0
