0 -0.587275 -5.25442 -0.510926 -5.39099 -2.36359 -1.981 -2.53446 -3.93861 -3.88867 -3.47559 -6.79166 -5.5848 -4.28223 -3.98762 -0.811797 -1.08755 -3.65407 -0.344807 -0.554595 -0.952147 -4.6588 -2.73332 -7.65555 -2.54202 -1.00528 -1.2568 -0.481624 -0.390932 -2.59245 -0.946702 -0.995316 -2.00169 -6.85196 -1.07991 -0.747737 -1.00108
-0.587275 0 -7.01688 -0.510128 -5.74375 -3.19647 -1.96287 -3.0751 -5.0465 -5.15419 -2.92677 -8.7148 -5.46998 -5.42358 -5.46808 -0.925932 -1.34803 -4.46865 -0.715035 -0.255374 -1.84195 -3.87075 -2.57387 -9.91696 -2.71684 -1.38426 -1.39258 -0.610057 -0.311818 -3.17475 -1.47569 -1.19143 -1.60891 -8.77845 -1.2545 -0.844131 -1.27884
-5.25442 -7.01688 0 -7.32304 -0.891367 -4.57631 -3.3855 -4.82918 -1.66507 -2.63502 -2.11597 -0.95835 -1.14637 -2.65741 -2.24219 -5.60182 -8.4433 -3.60256 -5.18 -4.30144 -4.73231 -2.99343 -4.88328 -2.17424 -3.18541 -8.09697 -7.3848 -8.16816 -5.83175 -4.72537 -9.98326 -6.43909 -3.52297 -1.12018 -7.58846 -7.34991 -7.00642
-0.510926 -0.510128 -7.32304 0 -5.91575 -3.50174 -1.85761 -3.9979 -5.42034 -6.43354 -3.36367 -12.2632 -6.09533 -6.24268 -6.68853 -0.664214 -1.68764 -5.94789 -0.459139 -0.697009 -0.686891 -4.37088 -2.44563 -14.1927 -2.85673 -1.99009 -1.27351 -1.30547 -0.460345 -3.89978 -2.41867 -1.52475 -1.66324 -10.4977 -0.947312 -0.508793 -1.5566
-5.39099 -5.74375 -0.891367 -5.91575 0 -3.7158 -3.79711 -4.26069 -2.10153 -2.76995 -2.56191 -0.54212 -0.43697 -2.67187 -2.28206 -5.2659 -7.10445 -3.35876 -5.55031 -5.29311 -5.91558 -3.55011 -4.6087 -0.706472 -3.57969 -7.10224 -5.63421 -6.68117 -5.99553 -4.17511 -7.38254 -6.11537 -4.06658 -0.381863 -5.85316 -5.92593 -6.87007
-2.36359 -3.19647 -4.57631 -3.50174 -3.7158 0 -0.663779 -0.474047 -2.29108 -2.16676 -1.24241 -6.37342 -3.7333 -2.27101 -2.98955 -1.82305 -3.87949 -1.50509 -2.44909 -2.09224 -1.94043 -2.09875 -1.47681 -7.80891 -0.546608 -4.31229 -2.53867 -4.42636 -2.64177 -0.462706 -5.40643 -3.42866 -0.569295 -5.71958 -2.85783 -3.15729 -3.75053
-1.981 -1.96287 -3.3855 -1.85761 -3.79711 -0.663779 0 -0.787898 -2.03751 -1.46573 -2.00882 -5.67643 -4.21249 -2.06721 -3.1019 -1.75109 -3.03381 -1.97571 -2.22535 -2.21901 -1.72438 -2.42976 -1.49796 -5.66276 -0.625659 -2.9152 -1.42938 -2.67327 -2.01313 -0.49524 -3.47983 -2.59732 -0.569266 -4.06497 -1.62022 -1.86028 -2.56257
-2.53446 -3.0751 -4.82918 -3.9979 -4.26069 -0.474047 -0.787898 0 -2.8712 -2.93558 -1.66549 -9.73395 -4.41125 -3.01559 -4.05395 -2.28971 -4.04917 -2.36579 -3.13489 -2.55437 -2.28962 -2.67488 -1.5927 -10.5725 -0.428904 -5.10713 -3.26139 -5.41745 -3.07838 -0.386754 -7.45693 -3.35267 -0.690988 -7.33837 -3.7193 -4.16552 -3.60459
-3.93861 -5.0465 -1.66507 -5.42034 -2.10153 -2.29108 -2.03751 -2.8712 0 -0.964073 -0.681475 -2.76485 -2.5586 -0.680302 -0.652867 -4.13059 -5.01912 -1.65659 -4.521 -4.03024 -3.76598 -1.55344 -2.57508 -3.97216 -2.2764 -6.84518 -4.64548 -6.11074 -5.53426 -2.95067 -6.99473 -4.88558 -2.12294 -2.89102 -4.98526 -5.14768 -5.57869
-3.88867 -5.15419 -2.63502 -6.43354 -2.76995 -2.16676 -1.46573 -2.93558 -0.964073 0 -0.338471 -4.70773 -3.03164 -0.602145 -0.800138 -3.78952 -4.97361 -1.13726 -4.3302 -3.7643 -3.13357 -1.41505 -2.27871 -6.46894 -1.90066 -7.45387 -5.39434 -7.54117 -5.22203 -3.01855 -8.45069 -4.11849 -1.87985 -4.66222 -5.70897 -6.06087 -5.08487
-3.47559 -2.92677 -2.11597 -3.36367 -2.56191 -1.24241 -2.00882 -1.66549 -0.681475 -0.338471 0 -3.207 -2.59853 -0.521434 -1.01018 -3.82465 -5.26875 -0.689699 -3.72447 -3.50621 -3.50062 -1.40067 -2.80286 -3.52689 -1.46253 -4.50289 -3.44618 -4.06391 -3.50654 -1.5732 -5.6938 -4.48815 -1.87379 -2.59887 -3.73393 -3.84787 -3.74069
-6.79166 -8.7148 -0.95835 -12.2632 -0.54212 -6.37342 -5.67643 -9.73395 -2.76485 -4.70773 -3.207 0 -0.929152 -4.10695 -4.4746 -7.6079 -8.67724 -7.47538 -8.73046 -6.74784 -6.65969 -3.69223 -4.98608 -2.12915 -5.31431 -11.6504 -13.0232 -13.9748 -8.83202 -8.18068 -17.1766 -7.06411 -4.51564 -0.4551 -13.5127 -13.9499 -7.90599
-5.5848 -5.46998 -1.14637 -6.09533 -0.43697 -3.7333 -4.21249 -4.41125 -2.5586 -3.03164 -2.59853 -0.929152 0 -2.73188 -2.42254 -5.4409 -5.44567 -3.57049 -6.3144 -6.46295 -5.49675 -3.81488 -4.28117 -0.674963 -4.38057 -6.71732 -5.73157 -6.76463 -5.89714 -4.44927 -7.55015 -6.07927 -3.78692 -0.75225 -6.05782 -5.89448 -5.53423
-4.28223 -5.42358 -2.65741 -6.24268 -2.67187 -2.27101 -2.06721 -3.01559 -0.680302 -0.602145 -0.521434 -4.10695 -2.73188 0 -0.521307 -4.55904 -6.59594 -1.38812 -4.69415 -3.97638 -3.64266 -1.82071 -3.25918 -5.60367 -2.0656 -7.84844 -5.74482 -7.28927 -5.51382 -3.02415 -9.00594 -4.95591 -2.21327 -4.35323 -6.08293 -6.06462 -5.29796
-3.98762 -5.46808 -2.24219 -6.68853 -2.28206 -2.98955 -3.1019 -4.05395 -0.652867 -0.800138 -1.01018 -4.4746 -2.42254 -0.521307 0 -4.77795 -7.18876 -2.19508 -5.19478 -4.01535 -4.2192 -2.06542 -3.66099 -5.56714 -2.26452 -6.79909 -7.76689 -8.0956 -4.65163 -3.30525 -11.7623 -5.32498 -2.31177 -3.28649 -8.20134 -8.10847 -5.6214
-0.811797 -0.925932 -5.60182 -0.664214 -5.2659 -1.82305 -1.75109 -2.28971 -4.13059 -3.78952 -3.82465 -7.6079 -5.4409 -4.55904 -4.77795 0 -2.21354 -3.85208 -0.749281 -0.874185 -0.46868 -4.13512 -2.5583 -8.1991 -2.29821 -2.03064 -0.818008 -1.32605 -0.880884 -2.05537 -2.11545 -1.81451 -1.30535 -7.23999 -0.525051 -0.386152 -1.72912
-1.08755 -1.34803 -8.4433 -1.68764 -7.10445 -3.87949 -3.03381 -4.04917 -5.01912 -4.97361 -5.26875 -8.67724 -5.44567 -6.59594 -7.18876 -2.21354 0 -5.66461 -1.35928 -0.700042 -1.9107 -4.88076 -4.4407 -8.83528 -3.04755 -0.578652 -3.06913 -1.11423 -1.18341 -3.60834 -1.06324 -0.257192 -2.69158 -8.18635 -2.85451 -2.3582 -0.372029
-3.65407 -4.46865 -3.60256 -5.94789 -3.35876 -1.50509 -1.97571 -2.36579 -1.65659 -1.13726 -0.689699 -7.47538 -3.57049 -1.38812 -2.19508 -3.85208 -5.66461 0 -4.43167 -3.57137 -3.46574 -1.78098 -2.50776 -8.54602 -1.36481 -6.7414 -5.94408 -7.60379 -4.49787 -2.03964 -10.3716 -4.47577 -1.51268 -5.6379 -6.45212 -6.90067 -4.64705
-0.344807 -0.715035 -5.18 -0.459139 -5.55031 -2.44909 -2.22535 -3.13489 -4.521 -4.3302 -3.72447 -8.73046 -6.3144 -4.69415 -5.19478 -0.749281 -1.35928 -4.43167 0 -0.601949 -0.910975 -4.63903 -2.65656 -9.47177 -2.89173 -1.4082 -1.42067 -0.806029 -0.478237 -2.66805 -1.47391 -1.17298 -1.74219 -7.64944 -1.11101 -0.749971 -1.29481
-0.554595 -0.255374 -4.30144 -0.697009 -5.29311 -2.09224 -2.21901 -2.55437 -4.03024 -3.7643 -3.50621 -6.74784 -6.46295 -3.97638 -4.01535 -0.874185 -0.700042 -3.57137 -0.601949 0 -1.29737 -4.66018 -2.74566 -7.70461 -2.73921 -0.961249 -1.37807 -0.421358 -0.282481 -2.55385 -1.04687 -0.93182 -1.85562 -6.38378 -1.22535 -0.820816 -0.862423
-0.952147 -1.84195 -4.73231 -0.686891 -5.91558 -1.94043 -1.72438 -2.28962 -3.76598 -3.13357 -3.50062 -6.65969 -5.49675 -3.64266 -4.2192 -0.46868 -1.9107 -3.46574 -0.910975 -1.29737 0 -4.02189 -2.40357 -7.40303 -2.04271 -1.4891 -0.940998 -1.78155 -1.08896 -2.06536 -1.26878 -1.67155 -1.52681 -5.9758 -0.699285 -0.531364 -2.4274
-4.6588 -3.87075 -2.99343 -4.37088 -3.55011 -2.09875 -2.42976 -2.67488 -1.55344 -1.41505 -1.40067 -3.69223 -3.81488 -1.82071 -2.06542 -4.13512 -4.88076 -1.78098 -4.63903 -4.66018 -4.02189 0 -1.31927 -4.49753 -2.42447 -5.64873 -3.95551 -5.04485 -4.63571 -2.61172 -5.80563 -4.56775 -2.77416 -3.91811 -4.21063 -4.33552 -4.52729
-2.73332 -2.57387 -4.88328 -2.44563 -4.6087 -1.47681 -1.49796 -1.5927 -2.57508 -2.27871 -2.80286 -4.98608 -4.28117 -3.25918 -3.66099 -2.5583 -4.4407 -2.50776 -2.65656 -2.74566 -2.40357 -1.31927 0 -5.13317 -1.73546 -3.41667 -2.1268 -2.98472 -2.65623 -1.44442 -3.94567 -3.62654 -1.29489 -4.71828 -2.38609 -2.49447 -3.32876
-7.65555 -9.91696 -2.17424 -14.1927 -0.706472 -7.80891 -5.66276 -10.5725 -3.97216 -6.46894 -3.52689 -2.12915 -0.674963 -5.60367 -5.56714 -8.1991 -8.83528 -8.54602 -9.47177 -7.70461 -7.40303 -4.49753 -5.13317 0 -6.58131 -13.181 -13.4133 -15.9324 -10.1172 -10.078 -17.1293 -7.75063 -5.21855 -1.38136 -13.8569 -14.2173 -8.66343
-2.54202 -2.71684 -3.18541 -2.85673 -3.57969 -0.546608 -0.625659 -0.428904 -2.2764 -1.90066 -1.46253 -5.31431 -4.38057 -2.0656 -2.26452 -2.29821 -3.04755 -1.36481 -2.89173 -2.73921 -2.04271 -2.42447 -1.73546 -6.58131 0 -4.00704 -2.09014 -3.73613 -2.93106 -0.487038 -4.32953 -3.01237 -0.829815 -5.0104 -2.31396 -2.56168 -3.10503
-1.00528 -1.38426 -8.09697 -1.99009 -7.10224 -4.31229 -2.9152 -5.10713 -6.84518 -7.45387 -4.50289 -11.6504 -6.71732 -7.84844 -6.79909 -2.03064 -0.578652 -6.7414 -1.4082 -0.961249 -1.4891 -5.64873 -3.41667 -13.181 -4.00704 0 -2.9546 -1.05501 -1.44461 -5.02625 -0.678021 -0.488375 -2.87402 -11.8264 -2.65428 -2.30016 -0.464946
-1.2568 -1.39258 -7.3848 -1.27351 -5.63421 -2.53867 -1.42938 -3.26139 -4.64548 -5.39434 -3.44618 -13.0232 -5.73157 -5.74482 -7.76689 -0.818008 -3.06913 -5.94408 -1.42067 -1.37807 -0.940998 -3.95551 -2.1268 -13.4133 -2.09014 -2.9546 0 -2.59338 -1.32764 -2.79107 -5.3232 -2.37528 -1.11096 -9.68469 -0.677462 -1.07398 -2.26195
-0.481624 -0.610057 -8.16816 -1.30547 -6.68117 -4.42636 -2.67327 -5.41745 -6.11074 -7.54117 -4.06391 -13.9748 -6.76463 -7.28927 -8.0956 -1.32605 -1.11423 -7.60379 -0.806029 -0.421358 -1.78155 -5.04485 -2.98472 -15.9324 -3.73613 -1.05501 -2.59338 0 -0.611412 -5.08276 -1.41829 -1.04753 -2.29881 -11.6137 -2.22274 -1.75187 -1.04959
-0.390932 -0.311818 -5.83175 -0.460345 -5.99553 -2.64177 -2.01313 -3.07838 -5.53426 -5.22203 -3.50654 -8.83202 -5.89714 -5.51382 -4.65163 -0.880884 -1.18341 -4.49787 -0.478237 -0.282481 -1.08896 -4.63571 -2.65623 -10.1172 -2.93106 -1.44461 -1.32764 -0.611412 0 -3.13884 -1.43767 -1.1375 -1.82231 -8.98012 -1.16112 -0.705757 -1.30574
-2.59245 -3.17475 -4.72537 -3.89978 -4.17511 -0.462706 -0.49524 -0.386754 -2.95067 -3.01855 -1.5732 -8.18068 -4.44927 -3.02415 -3.30525 -2.05537 -3.60834 -2.03964 -2.66805 -2.55385 -2.06536 -2.61172 -1.44442 -10.078 -0.487038 -5.02625 -2.79107 -5.08276 -3.13884 0 -6.14761 -3.23402 -0.545182 -7.25963 -3.14243 -3.52426 -3.57628
-0.946702 -1.47569 -9.98326 -2.41867 -7.38254 -5.40643 -3.47983 -7.45693 -6.99473 -8.45069 -5.6938 -17.1766 -7.55015 -9.00594 -11.7623 -2.11545 -1.06324 -10.3716 -1.47391 -1.04687 -1.26878 -5.80563 -3.94567 -17.1293 -4.32953 -0.678021 -5.3232 -1.41829 -1.43767 -6.14761 0 -0.785801 -2.84369 -12.7572 -4.62129 -3.48497 -0.923548
-0.995316 -1.19143 -6.43909 -1.52475 -6.11537 -3.42866 -2.59732 -3.35267 -4.88558 -4.11849 -4.48815 -7.06411 -6.07927 -4.95591 -5.32498 -1.81451 -0.257192 -4.47577 -1.17298 -0.93182 -1.67155 -4.56775 -3.62654 -7.75063 -3.01237 -0.488375 -2.37528 -1.04753 -1.1375 -3.23402 -0.785801 0 -2.64778 -6.64039 -2.17209 -1.86188 -0.42738
-2.00169 -1.60891 -3.52297 -1.66324 -4.06658 -0.569295 -0.569266 -0.690988 -2.12294 -1.87985 -1.87379 -4.51564 -3.78692 -2.21327 -2.31177 -1.30535 -2.69158 -1.51268 -1.74219 -1.85562 -1.52681 -2.77416 -1.29489 -5.21855 -0.829815 -2.87402 -1.11096 -2.29881 -1.82231 -0.545182 -2.84369 -2.64778 0 -4.63259 -1.37266 -1.47621 -2.4511
-6.85196 -8.77845 -1.12018 -10.4977 -0.381863 -5.71958 -4.06497 -7.33837 -2.89102 -4.66222 -2.59887 -0.4551 -0.75225 -4.35323 -3.28649 -7.23999 -8.18635 -5.6379 -7.64944 -6.38378 -5.9758 -3.91811 -4.71828 -1.38136 -5.0104 -11.8264 -9.68469 -11.6137 -8.98012 -7.25963 -12.7572 -6.64039 -4.63259 0 -10.0767 -10.2737 -7.81394
-1.07991 -1.2545 -7.58846 -0.947312 -5.85316 -2.85783 -1.62022 -3.7193 -4.98526 -5.70897 -3.73393 -13.5127 -6.05782 -6.08293 -8.20134 -0.525051 -2.85451 -6.45212 -1.11101 -1.22535 -0.699285 -4.21063 -2.38609 -13.8569 -2.31396 -2.65428 -0.677462 -2.22274 -1.16112 -3.14243 -4.62129 -2.17209 -1.37266 -10.0767 0 -0.561447 -2.08449
-0.747737 -0.844131 -7.34991 -0.508793 -5.92593 -3.15729 -1.86028 -4.16552 -5.14768 -6.06087 -3.84787 -13.9499 -5.89448 -6.06462 -8.10847 -0.386152 -2.3582 -6.90067 -0.749971 -0.820816 -0.531364 -4.33552 -2.49447 -14.2173 -2.56168 -2.30016 -1.07398 -1.75187 -0.705757 -3.52426 -3.48497 -1.86188 -1.47621 -10.2737 -0.561447 0 -1.80444
-1.00108 -1.27884 -7.00642 -1.5566 -6.87007 -3.75053 -2.56257 -3.60459 -5.57869 -5.08487 -3.74069 -7.90599 -5.53423 -5.29796 -5.6214 -1.72912 -0.372029 -4.64705 -1.29481 -0.862423 -2.4274 -4.52729 -3.32876 -8.66343 -3.10503 -0.464946 -2.26195 -1.04959 -1.30574 -3.57628 -0.923548 -0.42738 -2.4511 -7.81394 -2.08449 -1.80444 0
