0 -2.27722 -27.3378 -2.36245 -30.3273 -10.344 -10.1597 -11.9578 -17.6017 -15.4379 -16.006 -28.5416 -30.2099 -19.4459 -20.9472 -4.54503 -5.16948 -16.4561 -1.59802 -1.74317 -4.62959 -15.5916 -10.0156 -34.7428 -12.9199 -3.24001 -6.74561 -1.89917 -1.45596 -10.5395 -2.66616 -4.81558 -8.31335 -27.9443 -5.81504 -3.75309 -5.20756
-2.27722 0 -28.7061 -3.08677 -31.4756 -11.3517 -11.4827 -13.1547 -18.5547 -16.7618 -16.7417 -29.9313 -31.4845 -20.7215 -22.4033 -5.86953 -3.97145 -17.785 -2.92453 -1.14433 -6.1169 -15.8386 -10.9526 -35.9921 -14.1319 -3.2036 -7.9403 -1.63847 -1.56214 -11.8654 -4.29549 -3.77273 -8.89956 -29.2187 -7.1573 -4.84233 -4.39842
-27.3378 -28.7061 0 -26.0051 -3.80459 -17.5244 -17.3734 -15.5802 -10.9753 -12.0634 -12.1748 -3.77858 -4.62119 -8.23983 -6.42179 -23.1843 -32.2815 -11.2138 -26.4151 -28.7315 -22.7935 -15.1828 -20.3054 -7.69692 -15.1741 -30.3449 -21.029 -28.6694 -27.7186 -17.1118 -28.1532 -31.9639 -20.2837 -4.6259 -21.6243 -23.9636 -32.3017
-2.36245 -3.08677 -26.0051 0 -28.738 -8.65671 -8.60394 -10.4464 -15.7832 -13.914 -14.0479 -26.9719 -28.6557 -17.9139 -19.5555 -3.06136 -6.62624 -14.878 -1.33173 -3.14826 -3.51961 -13.478 -8.07363 -33.1755 -11.3756 -4.98625 -5.11482 -3.01186 -2.35255 -8.98925 -3.67168 -6.28527 -6.25547 -26.347 -4.42487 -2.14803 -6.85217
-30.3273 -31.4756 -3.80459 -28.738 0 -20.24 -20.3319 -18.4952 -13.4669 -15.0528 -14.8919 -2.60067 -2.66495 -11.1141 -9.445 -25.9787 -35.1262 -13.9464 -29.3915 -31.5807 -26.0714 -17.7922 -23.1184 -4.76847 -18.3552 -33.1446 -23.6428 -31.5053 -30.4426 -19.9957 -31.1302 -34.9534 -22.9097 -2.75563 -24.5791 -26.7768 -35.2086
-10.344 -11.3517 -17.5244 -8.65671 -20.24 0 -2.39434 -2.85701 -7.54774 -5.74642 -6.38318 -18.666 -20.2383 -9.50123 -11.1892 -6.82568 -14.9922 -6.57156 -9.32333 -11.4238 -7.80669 -6.70023 -3.63625 -24.7297 -3.64817 -13.1386 -4.91095 -11.3485 -10.4651 -1.88398 -11.281 -14.7753 -3.16687 -18.0261 -5.66135 -6.72745 -15.1262
-10.1597 -11.4827 -17.3734 -8.60394 -20.3319 -2.39434 0 -2.46592 -8.4386 -5.93654 -7.32601 -18.5462 -20.2095 -9.45043 -10.9827 -6.66864 -14.9755 -6.46326 -9.18562 -11.5086 -7.07513 -8.15646 -3.3994 -24.7474 -2.89318 -13.2531 -4.37961 -11.477 -10.6645 -1.59531 -11.1666 -14.6216 -3.09814 -17.9047 -5.23835 -6.86063 -15.2762
-11.9578 -13.1547 -15.5802 -10.4464 -18.4952 -2.85701 -2.46592 0 -7.39164 -5.11412 -6.44011 -17.0796 -18.7585 -7.65362 -9.47698 -7.74982 -16.8322 -5.06734 -11.0218 -13.261 -7.92602 -7.31298 -5.05707 -22.8241 -2.04503 -14.825 -5.43003 -13.1771 -12.1625 -1.75175 -12.7474 -16.5706 -4.70612 -16.856 -6.28988 -8.47841 -16.8344
-17.6017 -18.5547 -10.9753 -15.7832 -13.4669 -7.54774 -8.4386 -7.39164 0 -2.86709 -2.90157 -11.7993 -13.4323 -4.50707 -5.12553 -14.0669 -22.1684 -5.30553 -16.4578 -18.6352 -14.9852 -4.85241 -9.9733 -18.0514 -8.72562 -20.2909 -11.7867 -18.4894 -17.5388 -7.83906 -18.559 -22.0645 -9.87089 -11.3307 -12.8509 -13.9949 -22.4079
-15.4379 -16.7618 -12.0634 -13.914 -15.0528 -5.74642 -5.93654 -5.11412 -2.86709 0 -2.03844 -13.2672 -14.9311 -4.1714 -5.6727 -12.1967 -20.2605 -3.43404 -14.4083 -16.7876 -12.6757 -3.83 -8.3895 -19.4683 -6.51632 -18.4758 -9.96572 -16.756 -15.9104 -5.67448 -16.4162 -19.9006 -8.33977 -12.638 -10.7746 -12.1838 -20.5331
-16.006 -16.7417 -12.1748 -14.0479 -14.8919 -6.38318 -7.32601 -6.44011 -2.90157 -2.03844 0 -13.2474 -14.7695 -4.09118 -5.76038 -13.0857 -20.3804 -3.8288 -14.8939 -16.8917 -13.8154 -3.27837 -8.59182 -19.3763 -7.94187 -18.7986 -10.7001 -16.8181 -16.1098 -6.83149 -17.0043 -20.1096 -8.41775 -12.5406 -11.7388 -12.7545 -20.6349
-28.5416 -29.9313 -3.77858 -26.9719 -2.60067 -18.666 -18.5462 -17.0796 -11.7993 -13.2672 -13.2474 0 -3.84595 -10.3282 -8.66679 -24.4217 -33.5217 -12.3131 -27.619 -30.0418 -24.6944 -16.174 -21.2699 -6.81455 -17.6379 -31.6057 -22.0535 -29.9574 -28.9099 -18.2895 -29.3446 -33.1678 -21.2046 -2.38906 -23.033 -25.2347 -33.6295
-30.2099 -31.4845 -4.62119 -28.6557 -2.66495 -20.2383 -20.2095 -18.7585 -13.4323 -14.9311 -14.7695 -3.84595 0 -11.4173 -9.55176 -26.3384 -35.1006 -14.0262 -29.313 -31.6041 -26.3537 -17.8546 -23.0514 -5.18759 -18.963 -33.2319 -23.7604 -31.4982 -30.5409 -20.1474 -31.1968 -34.831 -22.8482 -3.3261 -24.8394 -26.8029 -35.1707
-19.4459 -20.7215 -8.23983 -17.9139 -11.1141 -9.50123 -9.45043 -7.65362 -4.50707 -4.1714 -4.09118 -10.3282 -11.4173 0 -2.1962 -15.1538 -24.3623 -3.34785 -18.5189 -20.7912 -15.161 -7.11856 -12.3333 -15.491 -7.77834 -22.386 -12.926 -20.7421 -19.6578 -9.1907 -20.2584 -24.0677 -12.1699 -10.5579 -13.6672 -15.9984 -24.3358
-20.9472 -22.4033 -6.42179 -19.5555 -9.445 -11.1892 -10.9827 -9.47698 -5.12553 -5.6727 -5.76038 -8.66679 -9.55176 -2.1962 0 -16.9829 -25.9272 -4.8043 -20.0245 -22.4603 -16.9297 -8.88052 -13.9142 -13.7683 -9.49973 -24.0309 -14.6891 -22.3861 -21.4427 -10.747 -21.7781 -25.5733 -13.956 -9.26634 -15.4567 -17.7024 -26.0779
-4.54503 -5.86953 -23.1843 -3.06136 -25.9787 -6.82568 -6.66864 -7.74982 -14.0669 -12.1967 -13.0857 -24.4217 -26.3384 -15.1538 -16.9829 0 -9.43248 -12.5038 -3.62235 -5.90469 -2.27386 -12.7225 -7.09593 -30.4643 -8.70262 -7.4752 -2.68919 -5.8319 -4.73556 -7.04268 -5.34796 -9.17116 -5.30253 -24.2381 -1.63141 -1.4726 -9.50897
-5.16948 -3.97145 -32.2815 -6.62624 -35.1262 -14.9922 -14.9755 -16.8322 -22.1684 -20.2605 -20.3804 -33.5217 -35.1006 -24.3623 -25.9272 -9.43248 0 -21.3617 -6.23213 -3.63642 -9.60962 -19.6047 -14.7145 -39.6641 -17.6374 -2.48547 -11.5708 -3.87961 -4.8568 -15.3588 -4.17711 -0.912008 -12.565 -32.8443 -10.7387 -8.45936 -1.58643
-16.4561 -17.785 -11.2138 -14.878 -13.9464 -6.57156 -6.46326 -5.06734 -5.30553 -3.43404 -3.8288 -12.3131 -14.0262 -3.34785 -4.8043 -12.5038 -21.3617 0 -15.5131 -17.8793 -12.7673 -6.20533 -9.29089 -18.3333 -5.67758 -19.4633 -10.0819 -17.7793 -16.788 -6.26224 -17.3235 -21.0619 -9.25582 -12.3248 -11.0186 -13.0949 -21.3361
-1.59802 -2.92453 -26.4151 -1.33173 -29.3915 -9.32333 -9.18562 -11.0218 -16.4578 -14.4083 -14.8939 -27.619 -29.313 -18.5189 -20.0245 -3.62235 -6.23213 -15.5131 0 -2.67461 -3.62679 -14.3322 -8.81842 -33.74 -11.6126 -4.11081 -5.74281 -2.7423 -1.82339 -9.37598 -3.03192 -5.82546 -7.13861 -26.9478 -4.81224 -2.63679 -6.05834
-1.74317 -1.14433 -28.7315 -3.14826 -31.5807 -11.4238 -11.5086 -13.261 -18.6352 -16.7876 -16.8917 -30.0418 -31.6041 -20.7912 -22.4603 -5.90469 -3.63642 -17.8793 -2.67461 0 -6.14278 -16.0558 -11.187 -36.1117 -14.1432 -2.42577 -8.05289 -1.36166 -1.28601 -11.892 -3.57811 -3.59296 -9.06984 -29.3586 -7.18317 -4.89293 -4.1816
-4.62959 -6.1169 -22.7935 -3.51961 -26.0714 -7.80669 -7.07513 -7.92602 -14.9852 -12.6757 -13.8154 -24.6944 -26.3537 -15.161 -16.9297 -2.27386 -9.60962 -12.7673 -3.62679 -6.14278 0 -14.2347 -8.92931 -30.3402 -8.39518 -7.7133 -3.58238 -6.11116 -5.15125 -7.76228 -5.44496 -9.25572 -7.21358 -24.5391 -2.70747 -2.90072 -9.79149
-15.5916 -15.8386 -15.1828 -13.478 -17.7922 -6.70023 -8.15646 -7.31298 -4.85241 -3.83 -3.27837 -16.174 -17.8546 -7.11856 -8.88052 -12.7225 -19.6047 -6.20533 -14.3322 -16.0558 -14.2347 0 -6.17575 -22.3333 -8.61634 -18.1018 -10.7666 -16.0222 -15.4026 -7.48273 -16.5606 -19.4936 -7.72725 -15.5334 -11.719 -12.3279 -20.1285
-10.0156 -10.9526 -20.3054 -8.07363 -23.1184 -3.63625 -3.3994 -5.05707 -9.9733 -8.3895 -8.59182 -21.2699 -23.0514 -12.3333 -13.9142 -7.09593 -14.7145 -9.29089 -8.81842 -11.187 -8.92931 -6.17575 0 -27.43 -5.51527 -12.8887 -5.60928 -10.9436 -10.2752 -3.48973 -10.9935 -14.2431 -2.64832 -20.5813 -6.19217 -6.80513 -14.7677
-34.7428 -35.9921 -7.69692 -33.1755 -4.76847 -24.7297 -24.7474 -22.8241 -18.0514 -19.4683 -19.3763 -6.81455 -5.18759 -15.491 -13.7683 -30.4643 -39.6641 -18.3333 -33.74 -36.1117 -30.3402 -22.3333 -27.43 0 -22.5796 -37.6599 -28.1331 -36.0091 -34.9526 -24.4596 -35.5184 -39.3416 -27.3093 -6.95312 -29.0305 -31.2384 -39.5968
-12.9199 -14.1319 -15.1741 -11.3756 -18.3552 -3.64817 -2.89318 -2.04503 -8.72562 -6.51632 -7.94187 -17.6379 -18.963 -7.77834 -9.49973 -8.70262 -17.6374 -5.67758 -11.6126 -14.1432 -8.39518 -8.61634 -5.51527 -22.5796 0 -15.5899 -6.42437 -14.1082 -13.1483 -2.58238 -13.5558 -17.3658 -5.71435 -17.5825 -7.13765 -9.37456 -17.467
-3.24001 -3.2036 -30.3449 -4.98625 -33.1446 -13.1386 -13.2531 -14.825 -20.2909 -18.4758 -18.7986 -31.6057 -33.2319 -22.386 -24.0309 -7.4752 -2.48547 -19.4633 -4.11081 -2.42577 -7.7133 -18.1018 -12.8887 -37.6599 -15.5899 0 -9.63296 -2.42376 -3.05285 -13.3602 -2.23577 -2.2922 -11.0438 -30.9776 -8.79442 -6.53259 -2.42518
-6.74561 -7.9403 -21.029 -5.11482 -23.6428 -4.91095 -4.37961 -5.43003 -11.7867 -9.96572 -10.7001 -22.0535 -23.7604 -12.926 -14.6891 -2.68919 -11.5708 -10.0819 -5.74281 -8.05289 -3.58238 -10.7666 -5.60928 -28.1331 -6.42437 -9.63296 0 -8.00817 -6.97627 -4.7709 -7.49509 -11.3106 -3.95835 -21.639 -1.31266 -3.30693 -11.5657
-1.89917 -1.63847 -28.6694 -3.01186 -31.5053 -11.3485 -11.477 -13.1771 -18.4894 -16.756 -16.8181 -29.9574 -31.4982 -20.7421 -22.3861 -5.8319 -3.87961 -17.7793 -2.7423 -1.36166 -6.11116 -16.0222 -10.9436 -36.0091 -14.1082 -2.42376 -8.00817 0 -1.79258 -11.7461 -3.21788 -3.67228 -8.92207 -29.2823 -7.12196 -4.82935 -4.36545
-1.45596 -1.56214 -27.7186 -2.35255 -30.4426 -10.4651 -10.6645 -12.1625 -17.5388 -15.9104 -16.1098 -28.9099 -30.5409 -19.6578 -21.4427 -4.73556 -4.8568 -16.788 -1.82339 -1.28601 -5.15125 -15.4026 -10.2752 -34.9526 -13.1483 -3.05285 -6.97627 -1.79258 0 -10.9004 -3.30304 -4.71809 -8.25008 -28.3439 -6.13174 -3.86019 -4.99525
-10.5395 -11.8654 -17.1118 -8.98925 -19.9957 -1.88398 -1.59531 -1.75175 -7.83906 -5.67448 -6.83149 -18.2895 -20.1474 -9.1907 -10.747 -7.04268 -15.3588 -6.26224 -9.37598 -11.892 -7.76228 -7.48273 -3.48973 -24.4596 -2.58238 -13.3602 -4.7709 -11.7461 -10.9004 0 -11.2651 -15.015 -3.42135 -17.7901 -5.58831 -7.25475 -15.3287
-2.66616 -4.29549 -28.1532 -3.67168 -31.1302 -11.281 -11.1666 -12.7474 -18.559 -16.4162 -17.0043 -29.3446 -31.1968 -20.2584 -21.7781 -5.34796 -4.17711 -17.3235 -3.03192 -3.57811 -5.44496 -16.5606 -10.9935 -35.5184 -13.5558 -2.23577 -7.49509 -3.21788 -3.30304 -11.2651 0 -3.8232 -9.30819 -28.9509 -6.63042 -4.66133 -4.35898
-4.81558 -3.77273 -31.9639 -6.28527 -34.9534 -14.7753 -14.6216 -16.5706 -22.0645 -19.9006 -20.1096 -33.1678 -34.831 -24.0677 -25.5733 -9.17116 -0.912008 -21.0619 -5.82546 -3.59296 -9.25572 -19.4936 -14.2431 -39.3416 -17.3658 -2.2922 -11.3106 -3.67228 -4.71809 -15.015 -3.8232 0 -12.3852 -32.5342 -10.4412 -8.21821 -1.51619
-8.31335 -8.89956 -20.2837 -6.25547 -22.9097 -3.16687 -3.09814 -4.70612 -9.87089 -8.33977 -8.41775 -21.2046 -22.8482 -12.1699 -13.956 -5.30253 -12.565 -9.25582 -7.13861 -9.06984 -7.21358 -7.72725 -2.64832 -27.3093 -5.71435 -11.0438 -3.95835 -8.92207 -8.25008 -3.42135 -9.30819 -12.3852 0 -20.6463 -4.56349 -4.8775 -12.9783
-27.9443 -29.2187 -4.6259 -26.347 -2.75563 -18.0261 -17.9047 -16.856 -11.3307 -12.638 -12.5406 -2.38906 -3.3261 -10.5579 -9.26634 -24.2381 -32.8443 -12.3248 -26.9478 -29.3586 -24.5391 -15.5334 -20.5813 -6.95312 -17.5825 -30.9776 -21.639 -29.2823 -28.3439 -17.7901 -28.9509 -32.5342 -20.6463 0 -22.7642 -24.5476 -32.8402
-5.81504 -7.1573 -21.6243 -4.42487 -24.5791 -5.66135 -5.23835 -6.28988 -12.8509 -10.7746 -11.7388 -23.033 -24.8394 -13.6672 -15.4567 -1.63141 -10.7387 -11.0186 -4.81224 -7.18317 -2.70747 -11.719 -6.19217 -29.0305 -7.13765 -8.79442 -1.31266 -7.12196 -6.13174 -5.58831 -6.63042 -10.4412 -4.56349 -22.7642 0 -2.3857 -10.779
-3.75309 -4.84233 -23.9636 -2.14803 -26.7768 -6.72745 -6.86063 -8.47841 -13.9949 -12.1838 -12.7545 -25.2347 -26.8029 -15.9984 -17.7024 -1.4726 -8.45936 -13.0949 -2.63679 -4.89293 -2.90072 -12.3279 -6.80513 -31.2384 -9.37456 -6.53259 -3.30693 -4.82935 -3.86019 -7.25475 -4.66133 -8.21821 -4.8775 -24.5476 -2.3857 0 -8.51114
-5.20756 -4.39842 -32.3017 -6.85217 -35.2086 -15.1262 -15.2762 -16.8344 -22.4079 -20.5331 -20.6349 -33.6295 -35.1707 -24.3358 -26.0779 -9.50897 -1.58643 -21.3361 -6.05834 -4.1816 -9.79149 -20.1285 -14.7677 -39.5968 -17.467 -2.42518 -11.5657 -4.36545 -4.99525 -15.3287 -4.35898 -1.51619 -12.9783 -32.8402 -10.779 -8.51114 0
