0 -2.07411 -14.3768 -1.80405 -15.5443 -5.54513 -5.65362 -6.85504 -9.14649 -8.05105 -8.62101 -14.8798 -15.3811 -10.4627 -11.4631 -3.04095 -3.03321 -9.26212 -1.32714 -1.61672 -3.72095 -8.22174 -5.50527 -18.1632 -6.98031 -1.89133 -4.58499 -1.52874 -1.25716 -5.65671 -1.81943 -2.6807 -4.60605 -14.5324 -4.08065 -2.67178 -2.98872
-2.07411 0 -15.7139 -2.63237 -16.8082 -6.37596 -7.24905 -8.18912 -9.83721 -8.97888 -9.54453 -16.1692 -16.3637 -11.7571 -12.9849 -4.73978 -2.46986 -10.7104 -2.65533 -1.12431 -5.64425 -8.80055 -6.42382 -19.5779 -8.73108 -2.0955 -6.17395 -1.31737 -1.5924 -7.03208 -3.29507 -2.18851 -5.34836 -15.7381 -5.80894 -4.01109 -2.52144
-14.3768 -15.7139 0 -13.4869 -2.44072 -9.68195 -9.48983 -8.08092 -7.33927 -7.29664 -7.47004 -2.90707 -2.93099 -4.54631 -3.56937 -11.91 -16.5826 -5.81126 -13.8083 -15.4033 -11.6487 -9.95271 -11.0432 -4.58555 -7.98945 -15.4111 -10.6622 -15.0816 -14.7244 -9.11426 -14.1277 -16.4796 -11.0519 -3.46372 -11.026 -12.2448 -16.9395
-1.80405 -2.63237 -13.4869 0 -14.7345 -4.67738 -5.07452 -5.82941 -8.09862 -7.10972 -7.47886 -13.8103 -14.5429 -9.50395 -10.5458 -2.54748 -3.71179 -8.29041 -1.20793 -2.36704 -3.38154 -7.19764 -4.47722 -17.1163 -6.46632 -2.70801 -3.67014 -1.93172 -1.82146 -4.83111 -2.15237 -3.59949 -3.44318 -13.5297 -3.3746 -1.57279 -4.09397
-15.5443 -16.8082 -2.44072 -14.7345 0 -10.9241 -10.6179 -9.5427 -8.01778 -8.38296 -8.35821 -1.99858 -2.13054 -6.01048 -5.0159 -13.2502 -17.9576 -7.36567 -14.9641 -16.3889 -13.2055 -10.6776 -12.2695 -3.53909 -9.6116 -16.8044 -11.9826 -16.3541 -15.6607 -10.4335 -15.7291 -17.7143 -12.1037 -2.55639 -12.4452 -13.711 -18.0362
-5.54513 -6.37596 -9.68195 -4.67738 -10.9241 0 -2.17581 -2.64856 -4.13519 -3.43269 -4.29248 -10.1214 -10.8761 -5.96043 -7.02708 -4.01039 -7.93943 -4.81475 -5.05867 -6.37524 -4.66756 -4.67933 -2.68449 -13.6065 -3.36491 -6.87348 -2.96256 -6.01127 -5.73548 -1.45971 -5.88994 -7.75742 -2.55602 -9.7461 -3.35722 -3.63251 -7.90434
-5.65362 -7.24905 -9.48983 -5.07452 -10.6179 -2.17581 0 -2.18927 -4.89779 -3.60057 -4.41709 -10.1077 -10.4006 -5.58876 -6.42802 -3.91801 -8.01985 -4.33067 -4.99816 -6.59548 -4.10738 -5.17919 -2.54794 -13.1632 -2.51163 -6.93364 -2.71441 -6.53915 -6.19385 -1.4297 -5.88721 -7.67042 -2.69999 -9.65559 -3.19887 -3.81787 -8.30499
-6.85504 -8.18912 -8.08092 -5.82941 -9.5427 -2.64856 -2.18927 0 -4.21907 -3.07806 -4.0678 -8.81546 -9.70748 -4.17159 -5.05385 -4.4169 -9.10989 -3.00596 -6.23407 -7.85598 -4.46199 -5.02171 -3.94881 -11.7004 -1.71308 -7.78358 -3.04103 -7.34061 -7.2044 -1.58817 -6.47882 -8.98064 -3.8542 -8.72981 -3.44204 -4.5469 -9.45076
-9.14649 -9.83721 -7.33927 -8.09862 -8.01778 -4.13519 -4.89779 -4.21907 0 -1.81949 -2.17593 -7.13703 -7.67535 -3.93153 -4.78509 -7.42977 -11.4671 -3.81585 -8.47252 -9.81551 -8.21263 -3.81732 -5.61808 -10.9667 -5.44428 -10.3549 -6.25551 -9.50544 -9.02724 -4.19502 -9.40504 -11.3502 -5.47752 -6.71488 -6.79778 -7.15948 -11.5315
-8.05105 -8.97888 -7.29664 -7.10972 -8.38296 -3.43269 -3.60057 -3.07806 -1.81949 0 -1.89771 -7.45977 -7.86449 -3.63639 -4.695 -6.53379 -10.4582 -2.77777 -7.48146 -8.88405 -7.04607 -3.08916 -4.70007 -11.0529 -4.03403 -9.35274 -5.28681 -8.58582 -8.18919 -2.94543 -8.37818 -10.3184 -4.68872 -7.00519 -5.72186 -6.23157 -10.476
-8.62101 -9.54453 -7.47004 -7.47886 -8.35821 -4.29248 -4.41709 -4.0678 -2.17593 -1.89771 0 -7.71881 -8.08594 -3.77505 -4.80043 -7.10318 -10.547 -3.15403 -7.82655 -9.08281 -7.75304 -2.74654 -4.71926 -11.1708 -5.39995 -9.71404 -5.8774 -9.1131 -8.62495 -4.22249 -8.72211 -10.364 -4.62825 -6.97626 -6.41709 -6.77072 -11.0386
-14.8798 -16.1692 -2.90707 -13.8103 -1.99858 -10.1214 -10.1077 -8.81546 -7.13703 -7.45977 -7.71881 0 -2.782 -5.7973 -4.87614 -12.6614 -17.3142 -6.45262 -14.3234 -15.8935 -12.8408 -9.92408 -11.7159 -4.48432 -9.49118 -16.0549 -11.2403 -15.3592 -15.1579 -9.38933 -14.8772 -17.0913 -11.5495 -2.08512 -11.8129 -12.8482 -17.3858
-15.3811 -16.3637 -2.93099 -14.5429 -2.13054 -10.8761 -10.4006 -9.70748 -7.67535 -7.86449 -8.08594 -2.782 0 -6.10305 -5.02694 -13.4463 -17.9111 -7.29019 -14.8728 -15.9936 -13.4703 -9.96965 -11.9844 -4.71924 -9.78608 -16.7828 -12.0422 -16.0852 -15.5459 -10.455 -15.6717 -17.6155 -11.7381 -2.5768 -12.5812 -13.7042 -17.8621
-10.4627 -11.7571 -4.54631 -9.50395 -6.01048 -5.96043 -5.58876 -4.17159 -3.93153 -3.63639 -3.77505 -5.7973 -6.10305 0 -1.68885 -7.94043 -12.7603 -2.19235 -9.87529 -11.463 -7.99533 -6.25725 -7.29575 -8.28178 -4.41143 -11.5401 -6.71082 -11.1049 -10.7488 -5.15976 -10.2986 -12.6524 -7.2402 -5.9079 -6.94607 -8.27429 -13.0244
-11.4631 -12.9849 -3.56937 -10.5458 -5.0159 -7.02708 -6.42802 -5.05385 -4.78509 -4.695 -4.80043 -4.87614 -5.02694 -1.68885 0 -9.04118 -13.752 -2.74188 -10.8407 -12.6365 -8.99988 -7.37788 -8.40076 -7.25494 -5.47178 -12.4625 -7.53352 -12.044 -11.9776 -6.13133 -11.0121 -13.5677 -8.45966 -5.33586 -7.89765 -9.20409 -14.0425
-3.04095 -4.73978 -11.91 -2.54748 -13.2502 -4.01039 -3.91801 -4.4169 -7.42977 -6.53379 -7.10318 -12.6614 -13.4463 -7.94043 -9.04118 0 -5.29108 -6.87035 -2.46862 -4.16317 -1.84907 -7.2136 -3.99673 -15.6569 -4.72708 -4.09335 -2.0832 -3.92876 -3.35369 -4.04359 -2.99994 -5.10392 -3.30841 -12.5111 -1.47262 -1.32617 -5.56675
-3.03321 -2.46986 -16.5826 -3.71179 -17.9576 -7.93943 -8.01985 -9.10989 -11.4671 -10.4582 -10.547 -17.3142 -17.9111 -12.7603 -13.752 -5.29108 0 -11.5797 -3.62952 -2.24129 -5.96226 -10.1805 -7.51958 -20.4565 -9.44819 -1.8301 -6.80375 -2.66555 -2.83258 -8.16981 -3.43211 -0.849505 -6.62074 -16.8098 -6.38015 -4.76695 -1.38946
-9.26212 -10.7104 -5.81126 -8.29041 -7.36567 -4.81475 -4.33067 -3.00596 -3.81585 -2.77777 -3.15403 -6.45262 -7.29019 -2.19235 -2.74188 -6.87035 -11.5797 0 -8.62154 -10.4098 -6.97613 -5.19612 -6.17043 -9.50298 -3.76553 -10.219 -5.39482 -9.79674 -9.69472 -3.87259 -8.7711 -11.4034 -6.12088 -6.4842 -5.85467 -6.99341 -11.8614
-1.32714 -2.65533 -13.8083 -1.20793 -14.9641 -5.05867 -4.99816 -6.23407 -8.47252 -7.48146 -7.82655 -14.3234 -14.8728 -9.87529 -10.8407 -2.46862 -3.62952 -8.62154 0 -2.03227 -3.25781 -7.58247 -4.83835 -17.5807 -6.41098 -2.33662 -4.01954 -1.96589 -1.43393 -5.18486 -1.83456 -3.38678 -3.98899 -13.9452 -3.49314 -2.04519 -3.61851
-1.61672 -1.12431 -15.4033 -2.36704 -16.3889 -6.37524 -6.59548 -7.85598 -9.81551 -8.88405 -9.08281 -15.8935 -15.9936 -11.463 -12.6365 -4.16317 -2.24129 -10.4098 -2.03227 0 -4.97865 -8.57004 -6.07696 -19.2786 -8.16239 -1.63182 -5.73363 -1.22478 -1.17504 -6.71672 -2.77895 -2.08593 -5.14081 -15.5217 -5.28354 -3.60809 -2.42309
-3.72095 -5.64425 -11.6487 -3.38154 -13.2055 -4.66756 -4.10738 -4.46199 -8.21263 -7.04607 -7.75304 -12.8408 -13.4703 -7.99533 -8.99988 -1.84907 -5.96226 -6.97613 -3.25781 -4.97865 0 -8.24156 -5.35911 -15.4808 -4.4155 -4.64677 -2.5843 -4.72981 -4.32928 -4.40268 -3.33483 -5.56666 -4.64931 -12.8002 -2.19494 -2.72025 -6.13232
-8.22174 -8.80055 -9.95271 -7.19764 -10.6776 -4.67933 -5.17919 -5.02171 -3.81732 -3.08916 -2.74654 -9.92408 -9.96965 -6.25725 -7.37788 -7.2136 -10.1805 -5.19612 -7.58247 -8.57004 -8.24156 0 -3.64277 -13.7581 -6.16314 -9.42815 -6.26873 -8.67277 -8.26524 -4.8093 -8.58955 -9.98151 -4.41673 -9.18468 -6.68162 -6.75275 -10.5798
-5.50527 -6.42382 -11.0432 -4.47722 -12.2695 -2.68449 -2.54794 -3.94881 -5.61808 -4.70007 -4.71926 -11.7159 -11.9844 -7.29575 -8.40076 -3.99673 -7.51958 -6.17043 -4.83835 -6.07696 -5.35911 -3.64277 0 -15.0892 -4.63021 -6.73114 -3.47545 -6.05974 -5.69192 -2.84383 -5.8214 -7.35994 -1.72088 -11.0303 -3.67044 -3.67236 -7.95801
-18.1632 -19.5779 -4.58555 -17.1163 -3.53909 -13.6065 -13.1632 -11.7004 -10.9667 -11.0529 -11.1708 -4.48432 -4.71924 -8.28178 -7.25494 -15.6569 -20.4565 -9.50298 -17.5807 -19.2786 -15.4808 -13.7581 -15.0892 0 -11.6725 -19.1368 -14.3129 -18.6632 -18.5483 -12.7074 -17.9057 -20.3044 -14.8914 -5.07484 -14.735 -16.041 -20.7814
-6.98031 -8.73108 -7.98945 -6.46632 -9.6116 -3.36491 -2.51163 -1.71308 -5.44428 -4.03403 -5.39995 -9.49118 -9.78608 -4.41143 -5.47178 -4.72708 -9.44819 -3.76553 -6.41098 -8.16239 -4.4155 -6.16314 -4.63021 -11.6725 0 -8.08725 -3.84833 -7.83202 -7.4646 -2.2956 -7.13121 -9.06794 -4.5202 -9.56641 -4.13093 -5.42388 -9.41644
-1.89133 -2.0955 -15.4111 -2.70801 -16.8044 -6.87348 -6.93364 -7.78358 -10.3549 -9.35274 -9.71404 -16.0549 -16.7828 -11.5401 -12.4625 -4.09335 -1.8301 -10.219 -2.33662 -1.63182 -4.64677 -9.42815 -6.73114 -19.1368 -8.08725 0 -5.41397 -1.62225 -1.71208 -6.88532 -2.05225 -1.67205 -5.79292 -15.6528 -5.04747 -3.62103 -1.94315
-4.58499 -6.17395 -10.6622 -3.67014 -11.9826 -2.96256 -2.71441 -3.04103 -6.25551 -5.28681 -5.8774 -11.2403 -12.0422 -6.71082 -7.53352 -2.0832 -6.80375 -5.39482 -4.01954 -5.73363 -2.5843 -6.26873 -3.47545 -14.3129 -3.84833 -5.41397 0 -5.12003 -4.98406 -2.81866 -3.8387 -6.65584 -2.77545 -11.0243 -0.853965 -2.2656 -7.06386
-1.52874 -1.31737 -15.0816 -1.93172 -16.3541 -6.01127 -6.53915 -7.34061 -9.50544 -8.58582 -9.1131 -15.3592 -16.0852 -11.1049 -12.044 -3.92876 -2.66555 -9.79674 -1.96589 -1.22478 -4.72981 -8.67277 -6.05974 -18.6632 -7.83202 -1.62225 -5.12003 0 -1.44307 -6.24606 -2.46683 -2.40137 -5.08386 -15.1788 -4.6806 -3.06671 -2.76551
-1.25716 -1.5924 -14.7244 -1.82146 -15.6607 -5.73548 -6.19385 -7.2044 -9.02724 -8.18919 -8.62495 -15.1579 -15.5459 -10.7488 -11.9776 -3.35369 -2.83258 -9.69472 -1.43393 -1.17504 -4.32928 -8.26524 -5.69192 -18.5483 -7.4646 -1.71208 -4.98406 -1.44307 0 -6.07465 -2.26175 -2.68238 -4.69429 -14.7996 -4.58497 -2.9484 -2.79627
-5.65671 -7.03208 -9.11426 -4.83111 -10.4335 -1.45971 -1.4297 -1.58817 -4.19502 -2.94543 -4.22249 -9.38933 -10.455 -5.15976 -6.13133 -4.04359 -8.16981 -3.87259 -5.18486 -6.71672 -4.40268 -4.8093 -2.84383 -12.7074 -2.2956 -6.88532 -2.81866 -6.24606 -6.07465 0 -5.86772 -7.9945 -2.84727 -9.38082 -3.2842 -3.92205 -8.22128
-1.81943 -3.29507 -14.1277 -2.15237 -15.7291 -5.88994 -5.88721 -6.47882 -9.40504 -8.37818 -8.72211 -14.8772 -15.6717 -10.2986 -11.0121 -2.99994 -3.43211 -8.7711 -1.83456 -2.77895 -3.33483 -8.58955 -5.8214 -17.9057 -7.13121 -2.05225 -3.8387 -2.46683 -2.26175 -5.86772 0 -3.16671 -4.92197 -14.5567 -3.61081 -2.53684 -3.64643
-2.6807 -2.18851 -16.4796 -3.59949 -17.7143 -7.75742 -7.67042 -8.98064 -11.3502 -10.3184 -10.364 -17.0913 -17.6155 -12.6524 -13.5677 -5.10392 -0.849505 -11.4034 -3.38678 -2.08593 -5.56666 -9.98151 -7.35994 -20.3044 -9.06794 -1.67205 -6.65584 -2.40137 -2.68238 -7.9945 -3.16671 0 -6.35599 -16.7078 -6.13449 -4.69856 -1.17765
-4.60605 -5.34836 -11.0519 -3.44318 -12.1037 -2.55602 -2.69999 -3.8542 -5.47752 -4.68872 -4.62825 -11.5495 -11.7381 -7.2402 -8.45966 -3.30841 -6.62074 -6.12088 -3.98899 -5.14081 -4.64931 -4.41673 -1.72088 -14.8914 -4.5202 -5.79292 -2.77545 -5.08386 -4.69429 -2.84727 -4.92197 -6.35599 0 -10.9471 -3.02754 -2.86339 -7.01859
-14.5324 -15.7381 -3.46372 -13.5297 -2.55639 -9.7461 -9.65559 -8.72981 -6.71488 -7.00519 -6.97626 -2.08512 -2.5768 -5.9079 -5.33586 -12.5111 -16.8098 -6.4842 -13.9452 -15.5217 -12.8002 -9.18468 -11.0303 -5.07484 -9.56641 -15.6528 -11.0243 -15.1788 -14.7996 -9.38082 -14.5567 -16.7078 -10.9471 0 -11.6167 -12.5143 -17.1209
-4.08065 -5.80894 -11.026 -3.3746 -12.4452 -3.35722 -3.19887 -3.44204 -6.79778 -5.72186 -6.41709 -11.8129 -12.5812 -6.94607 -7.89765 -1.47262 -6.38015 -5.85467 -3.49314 -5.28354 -2.19494 -6.68162 -3.67044 -14.735 -4.13093 -5.04747 -0.853965 -4.6806 -4.58497 -3.2842 -3.61081 -6.13449 -3.02754 -11.6167 0 -1.87102 -6.62469
-2.67178 -4.01109 -12.2448 -1.57279 -13.711 -3.63251 -3.81787 -4.5469 -7.15948 -6.23157 -6.77072 -12.8482 -13.7042 -8.27429 -9.20409 -1.32617 -4.76695 -6.99341 -2.04519 -3.60809 -2.72025 -6.75275 -3.67236 -16.041 -5.42388 -3.62103 -2.2656 -3.06671 -2.9484 -3.92205 -2.53684 -4.69856 -2.86339 -12.5143 -1.87102 0 -5.10585
-2.98872 -2.52144 -16.9395 -4.09397 -18.0362 -7.90434 -8.30499 -9.45076 -11.5315 -10.476 -11.0386 -17.3858 -17.8621 -13.0244 -14.0425 -5.56675 -1.38946 -11.8614 -3.61851 -2.42309 -6.13232 -10.5798 -7.95801 -20.7814 -9.41644 -1.94315 -7.06386 -2.76551 -2.79627 -8.22128 -3.64643 -1.17765 -7.01859 -17.1209 -6.62469 -5.10585 0
