0 -0.907887 -0.930089 -0.81005 -0.831878 -0.868286 -0.8695 -0.832894 -0.869366 -0.811577 -0.819485 -0.9708 -0.843106 -0.819469 -0.823926 -0.837079 -0.914615 -0.887528 -0.864377 -0.867694 -0.866657 -1.05972 -1.04079 -0.878088 -0.850921 -0.865325 -0.849509 -0.896043 -0.88717 -0.838903 -0.877716 -0.988222 -0.967407 -0.856065 -0.972239 -0.84702 -0.843374
-0.907887 0 -0.940616 -0.801072 -0.815679 -0.740982 -0.852577 -0.914146 -0.798666 -0.819695 -0.852258 -0.895229 -0.827779 -0.833864 -0.804539 -0.843264 -0.811766 -0.993373 -0.878555 -0.899744 -0.907388 -1.06087 -1.01499 -0.830095 -0.757725 -0.74149 -0.774955 -0.796063 -0.806049 -0.759653 -0.766432 -0.962175 -0.827186 -0.783461 -0.86951 -0.761455 -0.757729
-0.930089 -0.940616 0 -0.931127 -0.960443 -0.953737 -0.808148 -0.80944 -0.96633 -0.939356 -0.868185 -1.00816 -0.950372 -0.859268 -0.903775 -0.835899 -0.959636 -0.957768 -0.861328 -0.748811 -0.781401 -1.1182 -1.09137 -0.902572 -0.919741 -0.909529 -0.914684 -0.978724 -0.934362 -0.93232 -0.919371 -1.05511 -0.981055 -0.959747 -0.948379 -0.929191 -0.905062
-0.81005 -0.801072 -0.931127 0 -0.734282 -0.738545 -0.846312 -0.849329 -0.720562 -0.729183 -0.833807 -0.888325 -0.707453 -0.706679 -0.735895 -0.745566 -0.789483 -0.953976 -0.871168 -0.872437 -0.807166 -1.02865 -1.02756 -0.828294 -0.775292 -0.71946 -0.746001 -0.806158 -0.767829 -0.694537 -0.760246 -0.898579 -0.906248 -0.723133 -0.885766 -0.676608 -0.694818
-0.831878 -0.815679 -0.960443 -0.734282 0 -0.727008 -0.863665 -0.894659 -0.741434 -0.736431 -0.834325 -0.88396 -0.734818 -0.793516 -0.760591 -0.818971 -0.871343 -0.957938 -0.85704 -0.927052 -0.908356 -1.0352 -1.03053 -0.783839 -0.808265 -0.819434 -0.812291 -0.801998 -0.836548 -0.786979 -0.832375 -0.946576 -0.86872 -0.711708 -0.929578 -0.779242 -0.796813
-0.868286 -0.740982 -0.953737 -0.738545 -0.727008 0 -0.858587 -0.883867 -0.657072 -0.78248 -0.804777 -0.896154 -0.715687 -0.729152 -0.775123 -0.803307 -0.774155 -0.965908 -0.809385 -0.920378 -0.858222 -1.00268 -1.01211 -0.758818 -0.744039 -0.701004 -0.751212 -0.835467 -0.774591 -0.7391 -0.743021 -0.921481 -0.811909 -0.700152 -0.880648 -0.734243 -0.688775
-0.8695 -0.852577 -0.808148 -0.846312 -0.863665 -0.858587 0 -0.824402 -0.872116 -0.812371 -0.823582 -0.954715 -0.82819 -0.739423 -0.834268 -0.799352 -0.909184 -0.936436 -0.831686 -0.775403 -0.840599 -1.08028 -1.05314 -0.816996 -0.869977 -0.864918 -0.86046 -0.903645 -0.878653 -0.845409 -0.871388 -0.981435 -0.908421 -0.852164 -0.920767 -0.849492 -0.82306
-0.832894 -0.914146 -0.80944 -0.849329 -0.894659 -0.883867 -0.824402 0 -0.899723 -0.87975 -0.74406 -1.00125 -0.877081 -0.780119 -0.830322 -0.783782 -0.899516 -0.88526 -0.760828 -0.730829 -0.676652 -1.06137 -1.03954 -0.884487 -0.845239 -0.852455 -0.830604 -0.911919 -0.878277 -0.857103 -0.862479 -0.999418 -0.976112 -0.902099 -0.968206 -0.856842 -0.835368
-0.869366 -0.798666 -0.96633 -0.720562 -0.741434 -0.657072 -0.872116 -0.899723 0 -0.786768 -0.819621 -0.841441 -0.713624 -0.780177 -0.781093 -0.84813 -0.821589 -0.977465 -0.816297 -0.935274 -0.871574 -0.986133 -1.01185 -0.836718 -0.805075 -0.78192 -0.785662 -0.836386 -0.798826 -0.740784 -0.806134 -0.895441 -0.831248 -0.656786 -0.913766 -0.784544 -0.761339
-0.811577 -0.819695 -0.939356 -0.729183 -0.736431 -0.78248 -0.812371 -0.87975 -0.786768 0 -0.832207 -0.919045 -0.748469 -0.776999 -0.787741 -0.815534 -0.875381 -0.940077 -0.874488 -0.915778 -0.892728 -1.04421 -1.02111 -0.812561 -0.833738 -0.823855 -0.831279 -0.840788 -0.8487 -0.785385 -0.835249 -0.932205 -0.905191 -0.732785 -0.937737 -0.794295 -0.790443
-0.819485 -0.852258 -0.868185 -0.833807 -0.834325 -0.804777 -0.823582 -0.74406 -0.819621 -0.832207 0 -0.955365 -0.792727 -0.793551 -0.8318 -0.817804 -0.881259 -0.915275 -0.709407 -0.78468 -0.765492 -1.03288 -1.00468 -0.861037 -0.823038 -0.837889 -0.820085 -0.881669 -0.863565 -0.822862 -0.846192 -0.982339 -0.924267 -0.809539 -0.959518 -0.844213 -0.816438
-0.9708 -0.895229 -1.00816 -0.888325 -0.88396 -0.896154 -0.954715 -1.00125 -0.841441 -0.919045 -0.955365 0 -0.889863 -0.92438 -0.886642 -0.948539 -0.964733 -1.05193 -0.948995 -0.995993 -1.00431 -1.08672 -1.08886 -0.928395 -0.937797 -0.927246 -0.922263 -0.888282 -0.922851 -0.889385 -0.941294 -1.00655 -0.850593 -0.841194 -0.837643 -0.913128 -0.923872
-0.843106 -0.827779 -0.950372 -0.707453 -0.734818 -0.715687 -0.82819 -0.877081 -0.713624 -0.748469 -0.792727 -0.889863 0 -0.72663 -0.789645 -0.821595 -0.859879 -0.959321 -0.827977 -0.926902 -0.852031 -1.01128 -1.00488 -0.854611 -0.841497 -0.815135 -0.832333 -0.823472 -0.836546 -0.750067 -0.846621 -0.888282 -0.887695 -0.68532 -0.942035 -0.799276 -0.763757
-0.819469 -0.833864 -0.859268 -0.706679 -0.793516 -0.729152 -0.739423 -0.780119 -0.780177 -0.776999 -0.793551 -0.92438 -0.72663 0 -0.738659 -0.682465 -0.812515 -0.91764 -0.816916 -0.861018 -0.766526 -1.02494 -1.02616 -0.761413 -0.789174 -0.770069 -0.774936 -0.833262 -0.799941 -0.704738 -0.7861 -0.921499 -0.911503 -0.786654 -0.914377 -0.729006 -0.653918
-0.823926 -0.804539 -0.903775 -0.735895 -0.760591 -0.775123 -0.834268 -0.830322 -0.781093 -0.787741 -0.8318 -0.886642 -0.789645 -0.738659 0 -0.790253 -0.841845 -0.919744 -0.893672 -0.879247 -0.889235 -1.06394 -1.03969 -0.797309 -0.774521 -0.782413 -0.760993 -0.777862 -0.789727 -0.69173 -0.800635 -0.958977 -0.872086 -0.777717 -0.877892 -0.720373 -0.748351
-0.837079 -0.843264 -0.835899 -0.745566 -0.818971 -0.803307 -0.799352 -0.783782 -0.84813 -0.815534 -0.817804 -0.948539 -0.821595 -0.682465 -0.790253 0 -0.81665 -0.933761 -0.84025 -0.835309 -0.768001 -1.05161 -1.03559 -0.72833 -0.759234 -0.761185 -0.749419 -0.848083 -0.793073 -0.730945 -0.760536 -0.962699 -0.919333 -0.826593 -0.906375 -0.724568 -0.689444
-0.914615 -0.811766 -0.959636 -0.789483 -0.871343 -0.774155 -0.909184 -0.899516 -0.821589 -0.875381 -0.881259 -0.964733 -0.859879 -0.812515 -0.841845 -0.81665 0 -0.995679 -0.908907 -0.910448 -0.842024 -1.06865 -1.06129 -0.848424 -0.72505 -0.657471 -0.696512 -0.900648 -0.690419 -0.782923 -0.70308 -0.981197 -0.889979 -0.8426 -0.842638 -0.762641 -0.787255
-0.887528 -0.993373 -0.957768 -0.953976 -0.957938 -0.965908 -0.936436 -0.88526 -0.977465 -0.940077 -0.915275 -1.05193 -0.959321 -0.91764 -0.919744 -0.933761 -0.995679 0 -0.946819 -0.928476 -0.926991 -1.09044 -1.0632 -0.942726 -0.950886 -0.957586 -0.947023 -0.984443 -0.975759 -0.955869 -0.96183 -1.07641 -1.03699 -0.973137 -1.03747 -0.96084 -0.947222
-0.864377 -0.878555 -0.861328 -0.871168 -0.85704 -0.809385 -0.831686 -0.760828 -0.816297 -0.874488 -0.709407 -0.948995 -0.827977 -0.816916 -0.893672 -0.84025 -0.908907 -0.946819 0 -0.803906 -0.752598 -1.01742 -1.00821 -0.901646 -0.881339 -0.868313 -0.877197 -0.90304 -0.893628 -0.856505 -0.883096 -0.98324 -0.921326 -0.82888 -0.986551 -0.881432 -0.85296
-0.867694 -0.899744 -0.748811 -0.872437 -0.927052 -0.920378 -0.775403 -0.730829 -0.935274 -0.915778 -0.78468 -0.995993 -0.926902 -0.861018 -0.879247 -0.835309 -0.910448 -0.928476 -0.803906 0 -0.742819 -1.09299 -1.06297 -0.906066 -0.897728 -0.845204 -0.876197 -0.943184 -0.88681 -0.895953 -0.882049 -1.03812 -0.962483 -0.929309 -0.94672 -0.867388 -0.896282
-0.866657 -0.907388 -0.781401 -0.807166 -0.908356 -0.858222 -0.840599 -0.676652 -0.871574 -0.892728 -0.765492 -1.00431 -0.852031 -0.766526 -0.889235 -0.768001 -0.842024 -0.926991 -0.752598 -0.742819 0 -1.04293 -1.04332 -0.895301 -0.8583 -0.810924 -0.829735 -0.937673 -0.837583 -0.847369 -0.83245 -0.977653 -0.975005 -0.897654 -0.945979 -0.817347 -0.807447
-1.05972 -1.06087 -1.1182 -1.02865 -1.0352 -1.00268 -1.08028 -1.06137 -0.986133 -1.04421 -1.03288 -1.08672 -1.01128 -1.02494 -1.06394 -1.05161 -1.06865 -1.09044 -1.01742 -1.09299 -1.04293 0 -0.758307 -1.06811 -1.05192 -1.04395 -1.05169 -1.06551 -1.06383 -1.03698 -1.05155 -1.1097 -1.06547 -1.02454 -1.13164 -1.05124 -1.02371
-1.04079 -1.01499 -1.09137 -1.02756 -1.03053 -1.01211 -1.05314 -1.03954 -1.01185 -1.02111 -1.00468 -1.08886 -1.00488 -1.02616 -1.03969 -1.03559 -1.06129 -1.0632 -1.00821 -1.06297 -1.04332 -0.758307 0 -1.05457 -1.03517 -1.02788 -1.03417 -1.02353 -1.04691 -1.02161 -1.03602 -1.1207 -1.0823 -1.00673 -1.11272 -1.03545 -1.01771
-0.878088 -0.830095 -0.902572 -0.828294 -0.783839 -0.758818 -0.816996 -0.884487 -0.836718 -0.812561 -0.861037 -0.928395 -0.854611 -0.761413 -0.797309 -0.72833 -0.848424 -0.942726 -0.901646 -0.906066 -0.895301 -1.06811 -1.05457 0 -0.796253 -0.8054 -0.800433 -0.852286 -0.831461 -0.79971 -0.799058 -0.994694 -0.891806 -0.819335 -0.907192 -0.787009 -0.768134
-0.850921 -0.757725 -0.919741 -0.775292 -0.808265 -0.744039 -0.869977 -0.845239 -0.805075 -0.833738 -0.823038 -0.937797 -0.841497 -0.789174 -0.774521 -0.759234 -0.72505 -0.950886 -0.881339 -0.897728 -0.8583 -1.05192 -1.03517 -0.796253 0 -0.64977 -0.595574 -0.84825 -0.749648 -0.724242 -0.578888 -0.971382 -0.853195 -0.813969 -0.840457 -0.767595 -0.731974
-0.865325 -0.74149 -0.909529 -0.71946 -0.819434 -0.701004 -0.864918 -0.852455 -0.78192 -0.823855 -0.837889 -0.927246 -0.815135 -0.770069 -0.782413 -0.761185 -0.657471 -0.957586 -0.868313 -0.845204 -0.810924 -1.04395 -1.02788 -0.8054 -0.64977 0 -0.622413 -0.851009 -0.693533 -0.727844 -0.611188 -0.949042 -0.839664 -0.791903 -0.799756 -0.677503 -0.740186
-0.849509 -0.774955 -0.914684 -0.746001 -0.812291 -0.751212 -0.86046 -0.830604 -0.785662 -0.831279 -0.820085 -0.922263 -0.832333 -0.774936 -0.760993 -0.749419 -0.696512 -0.947023 -0.877197 -0.876197 -0.829735 -1.05169 -1.03417 -0.800433 -0.595574 -0.622413 0 -0.845378 -0.681178 -0.736333 -0.636922 -0.959784 -0.840782 -0.804424 -0.818898 -0.737664 -0.752407
-0.896043 -0.796063 -0.978724 -0.806158 -0.801998 -0.835467 -0.903645 -0.911919 -0.836386 -0.840788 -0.881669 -0.888282 -0.823472 -0.833262 -0.777862 -0.848083 -0.900648 -0.984443 -0.90304 -0.943184 -0.937673 -1.06551 -1.02353 -0.852286 -0.84825 -0.851009 -0.845378 0 -0.87424 -0.822428 -0.863514 -0.937825 -0.885399 -0.821122 -0.951198 -0.805053 -0.818562
-0.88717 -0.806049 -0.934362 -0.767829 -0.836548 -0.774591 -0.878653 -0.878277 -0.798826 -0.8487 -0.863565 -0.922851 -0.836546 -0.799941 -0.789727 -0.793073 -0.690419 -0.975759 -0.893628 -0.88681 -0.837583 -1.06383 -1.04691 -0.831461 -0.749648 -0.693533 -0.681178 -0.87424 0 -0.750727 -0.723193 -0.966033 -0.865075 -0.806622 -0.811114 -0.68777 -0.789639
-0.838903 -0.759653 -0.93232 -0.694537 -0.786979 -0.7391 -0.845409 -0.857103 -0.740784 -0.785385 -0.822862 -0.889385 -0.750067 -0.704738 -0.69173 -0.730945 -0.782923 -0.955869 -0.856505 -0.895953 -0.847369 -1.03698 -1.02161 -0.79971 -0.724242 -0.727844 -0.736333 -0.822428 -0.750727 0 -0.747585 -0.926509 -0.858596 -0.743288 -0.876817 -0.703579 -0.648947
-0.877716 -0.766432 -0.919371 -0.760246 -0.832375 -0.743021 -0.871388 -0.862479 -0.806134 -0.835249 -0.846192 -0.941294 -0.846621 -0.7861 -0.800635 -0.760536 -0.70308 -0.96183 -0.883096 -0.882049 -0.83245 -1.05155 -1.03602 -0.799058 -0.578888 -0.611188 -0.636922 -0.863514 -0.723193 -0.747585 0 -0.968338 -0.859161 -0.816195 -0.834184 -0.723569 -0.748071
-0.988222 -0.962175 -1.05511 -0.898579 -0.946576 -0.921481 -0.981435 -0.999418 -0.895441 -0.932205 -0.982339 -1.00655 -0.888282 -0.921499 -0.958977 -0.962699 -0.981197 -1.07641 -0.98324 -1.03812 -0.977653 -1.1097 -1.1207 -0.994694 -0.971382 -0.949042 -0.959784 -0.937825 -0.966033 -0.926509 -0.968338 0 -0.995977 -0.92275 -1.04912 -0.947754 -0.921903
-0.967407 -0.827186 -0.981055 -0.906248 -0.86872 -0.811909 -0.908421 -0.976112 -0.831248 -0.905191 -0.924267 -0.850593 -0.887695 -0.911503 -0.872086 -0.919333 -0.889979 -1.03699 -0.921326 -0.962483 -0.975005 -1.06547 -1.0823 -0.891806 -0.853195 -0.839664 -0.840782 -0.885399 -0.865075 -0.858596 -0.859161 -0.995977 0 -0.846982 -0.850369 -0.875164 -0.886893
-0.856065 -0.783461 -0.959747 -0.723133 -0.711708 -0.700152 -0.852164 -0.902099 -0.656786 -0.732785 -0.809539 -0.841194 -0.68532 -0.786654 -0.777717 -0.826593 -0.8426 -0.973137 -0.82888 -0.929309 -0.897654 -1.02454 -1.00673 -0.819335 -0.813969 -0.791903 -0.804424 -0.821122 -0.806622 -0.743288 -0.816195 -0.92275 -0.846982 0 -0.912784 -0.787861 -0.78454
-0.972239 -0.86951 -0.948379 -0.885766 -0.929578 -0.880648 -0.920767 -0.968206 -0.913766 -0.937737 -0.959518 -0.837643 -0.942035 -0.914377 -0.877892 -0.906375 -0.842638 -1.03747 -0.986551 -0.94672 -0.945979 -1.13164 -1.11272 -0.907192 -0.840457 -0.799756 -0.818898 -0.951198 -0.811114 -0.876817 -0.834184 -1.04912 -0.850369 -0.912784 0 -0.844268 -0.895136
-0.84702 -0.761455 -0.929191 -0.676608 -0.779242 -0.734243 -0.849492 -0.856842 -0.784544 -0.794295 -0.844213 -0.913128 -0.799276 -0.729006 -0.720373 -0.724568 -0.762641 -0.96084 -0.881432 -0.867388 -0.817347 -1.05124 -1.03545 -0.787009 -0.767595 -0.677503 -0.737664 -0.805053 -0.68777 -0.703579 -0.723569 -0.947754 -0.875164 -0.787861 -0.844268 0 -0.697313
-0.843374 -0.757729 -0.905062 -0.694818 -0.796813 -0.688775 -0.82306 -0.835368 -0.761339 -0.790443 -0.816438 -0.923872 -0.763757 -0.653918 -0.748351 -0.689444 -0.787255 -0.947222 -0.85296 -0.896282 -0.807447 -1.02371 -1.01771 -0.768134 -0.731974 -0.740186 -0.752407 -0.818562 -0.789639 -0.648947 -0.748071 -0.921903 -0.886893 -0.78454 -0.895136 -0.697313 0
