0 -3.79543 -4.35009 -2.65784 -3.56462 -3.51887 -3.13022 -3.27217 -3.15644 -2.74211 -3.1289 -4.26908 -3.20016 -3.46255 -2.9827 -3.46312 -4.09545 -3.44303 -3.30317 -3.4849 -3.35869 -4.80775 -3.59506 -4.27388 -3.94487 -3.47992 -3.38487 -3.17638 -3.89195 -3.33859 -4.19235 -3.12521 -4.19467 -3.21096 -3.98513 -3.60054 -3.24478
-3.79543 0 -2.58124 -1.89622 -2.50172 -1.52035 -2.19058 -1.86562 -2.44986 -2.57738 -1.89171 -3.56495 -3.04662 -2.17803 -1.55611 -1.55663 -1.60563 -3.5479 -2.23375 -1.63212 -1.68104 -3.51928 -2.68845 -2.37571 -1.50049 -1.15265 -1.49621 -1.68629 -1.87421 -1.69207 -1.67685 -2.85395 -2.16998 -2.50901 -1.69276 -1.44109 -1.27862
-4.35009 -2.58124 0 -2.87168 -3.34074 -2.89488 -2.26598 -2.01022 -3.67731 -3.45063 -2.60451 -4.0629 -3.63478 -2.26181 -2.34541 -1.89586 -2.40789 -3.42602 -2.56439 -2.00719 -1.86299 -4.97683 -3.91451 -2.69677 -2.23844 -2.33783 -1.98993 -2.9975 -2.33609 -2.45639 -2.5001 -4.01746 -3.14975 -3.40891 -2.19433 -2.38935 -2.50005
-2.65784 -1.89622 -2.87168 0 -2.1556 -1.7943 -2.07236 -1.52948 -1.88665 -1.66972 -1.90359 -3.07649 -2.23729 -1.99262 -1.372 -1.81451 -2.15595 -2.93542 -2.0329 -1.79803 -1.77788 -3.47738 -2.23329 -2.68722 -2.1004 -1.49439 -1.53129 -1.48685 -2.08099 -1.60092 -2.20365 -2.23308 -2.57248 -1.9037 -2.09555 -1.59216 -1.44883
-3.56462 -2.50172 -3.34074 -2.1556 0 -1.94872 -2.46091 -2.59406 -2.52779 -2.23982 -2.37668 -2.64759 -2.32495 -2.014 -1.95719 -2.27798 -2.63139 -3.4926 -2.47687 -2.62922 -2.88605 -3.64494 -3.1267 -2.34682 -2.48644 -2.58996 -2.51869 -2.35472 -2.4908 -1.9844 -3.12096 -3.0921 -2.73568 -2.13731 -2.92679 -2.35904 -2.51598
-3.51887 -1.52035 -2.89488 -1.7943 -1.94872 0 -2.09935 -1.71167 -1.6168 -2.01877 -1.41893 -2.97957 -2.46224 -1.88393 -1.56604 -1.75105 -1.92665 -3.23876 -1.65445 -1.96293 -1.79084 -2.77942 -2.40134 -1.89596 -1.6047 -1.35437 -1.6017 -1.88772 -2.17047 -1.8805 -1.83557 -2.58092 -1.9665 -1.95598 -2.01017 -1.58108 -1.22828
-3.13022 -2.19058 -2.26598 -2.07236 -2.46091 -2.09935 0 -2.01701 -2.32298 -2.25127 -1.98536 -2.95946 -2.24578 -1.568 -1.61765 -1.75022 -2.47453 -2.72109 -1.77944 -1.83409 -2.01709 -4.00391 -2.86343 -2.49668 -2.47177 -2.05201 -1.87841 -2.40938 -2.24856 -1.66967 -2.73668 -2.54194 -2.45239 -2.22436 -2.17979 -2.32328 -2.1568
-3.27217 -1.86562 -2.01022 -1.52948 -2.59406 -1.71167 -2.01701 0 -2.50886 -2.4174 -1.52532 -3.60079 -2.79266 -1.85486 -1.43357 -1.58062 -2.08354 -2.39617 -1.62436 -1.26457 -1.08473 -3.37015 -2.52955 -2.38215 -1.89545 -1.45457 -1.61834 -1.59326 -2.15962 -1.94486 -2.04415 -2.8469 -2.44141 -2.70886 -1.98948 -1.67481 -1.42855
-3.15644 -2.44986 -3.67731 -1.88665 -2.52779 -1.6168 -2.32298 -2.50886 0 -1.92447 -2.15048 -2.42939 -2.37739 -2.53743 -2.13102 -2.80434 -2.99616 -3.34667 -1.98151 -2.89143 -2.6511 -2.80462 -2.34364 -2.79449 -2.7772 -2.32478 -2.34276 -2.32267 -2.83002 -2.48164 -2.97445 -2.35012 -2.28267 -1.45589 -2.89938 -2.62718 -2.36454
-2.74211 -2.57738 -3.45063 -1.66972 -2.23982 -2.01877 -2.25127 -2.4174 -1.92447 0 -2.25134 -3.37469 -2.28358 -2.51782 -2.15712 -2.6575 -3.07295 -2.93519 -2.51515 -2.70636 -2.58027 -3.19198 -2.34975 -2.74954 -2.82583 -2.52628 -2.64791 -2.11289 -3.06306 -2.51396 -3.14884 -2.41343 -2.91727 -1.91355 -2.98938 -2.49055 -2.26483
-3.1289 -1.89171 -2.60451 -1.90359 -2.37668 -1.41893 -1.98536 -1.52532 -2.15048 -2.25134 0 -3.34381 -2.47648 -2.04361 -1.82351 -2.00585 -2.41141 -2.66642 -1.53404 -1.65723 -1.78305 -3.10824 -2.43149 -2.331 -2.11833 -1.89977 -1.88234 -1.92824 -2.47506 -2.14044 -2.48564 -2.81493 -2.40055 -2.26176 -2.3729 -2.13763 -1.87116
-4.26908 -3.56495 -4.0629 -3.07649 -2.64759 -2.97957 -2.95946 -3.60079 -2.42939 -3.37469 -3.34381 0 -2.50041 -2.78565 -2.89592 -3.58636 -3.74958 -4.07405 -3.1417 -3.71101 -3.93118 -4.23969 -3.61178 -3.49222 -3.71704 -3.68517 -3.27628 -3.22276 -3.39383 -2.91027 -4.32266 -3.60961 -3.07644 -2.50042 -3.29517 -3.5974 -3.74521
-3.20016 -3.04662 -3.63478 -2.23729 -2.32495 -2.46224 -2.24578 -2.79266 -2.37739 -2.28358 -2.47648 -2.50041 0 -2.04317 -2.40448 -2.78144 -3.15414 -3.3156 -2.52082 -2.89222 -3.0976 -4.15143 -3.00552 -2.98538 -3.27756 -3.04989 -2.72271 -2.77799 -2.76102 -2.12891 -3.70598 -2.89445 -3.11713 -2.01495 -3.26973 -2.95448 -2.8405
-3.46255 -2.17803 -2.26181 -1.99262 -2.014 -1.88393 -1.568 -1.85486 -2.53743 -2.51782 -2.04361 -2.78565 -2.04317 0 -1.51392 -1.39009 -1.79858 -3.00897 -1.98785 -2.03161 -1.77877 -3.96352 -2.98037 -2.02508 -1.90984 -1.91996 -1.52671 -2.3046 -1.5983 -1.40863 -2.42929 -2.94618 -2.62245 -2.3311 -2.08427 -1.80054 -1.72693
-2.9827 -1.55611 -2.34541 -1.372 -1.95719 -1.56604 -1.61765 -1.43357 -2.13102 -2.15712 -1.82351 -2.89592 -2.40448 -1.51392 0 -1.48854 -1.88089 -2.80377 -2.03397 -1.66862 -1.58656 -3.50477 -2.50712 -2.14904 -1.63547 -1.39466 -1.34242 -1.47524 -1.77554 -1.23522 -2.05196 -2.42307 -2.31894 -2.06883 -1.73978 -1.39618 -1.36779
-3.46312 -1.55663 -1.89586 -1.81451 -2.27798 -1.75105 -1.75022 -1.58062 -2.80434 -2.6575 -2.00585 -3.58636 -2.78144 -1.39009 -1.48854 0 -1.26144 -3.21331 -2.13339 -1.72359 -1.20901 -3.73513 -3.101 -1.74004 -1.20314 -1.23442 -1.12693 -1.91842 -1.35432 -1.39598 -1.48283 -3.03788 -2.3709 -2.6239 -1.56726 -1.23446 -1.16652
-4.09545 -1.60563 -2.40789 -2.15595 -2.63139 -1.92665 -2.47453 -2.08354 -2.99616 -3.07295 -2.41141 -3.74958 -3.15414 -1.79858 -1.88089 -1.26144 0 -3.82835 -2.60894 -2.05806 -1.46169 -4.1205 -3.44552 -2.32032 -1.178 -1.13387 -1.25363 -2.24944 -1.24225 -1.6162 -1.41963 -3.38391 -2.70699 -2.96769 -1.44173 -1.49698 -1.55653
-3.44303 -3.5479 -3.42602 -2.93542 -3.4926 -3.23876 -2.72109 -2.39617 -3.34667 -2.93519 -2.66642 -4.07405 -3.3156 -3.00897 -2.80377 -3.21331 -3.82835 0 -2.71462 -2.57142 -2.98448 -4.36336 -3.34727 -3.44199 -3.69184 -3.19972 -2.92692 -2.87627 -3.64474 -3.126 -4.00028 -3.65717 -3.66048 -3.35379 -3.70244 -3.58 -3.24069
-3.30317 -2.23375 -2.56439 -2.0329 -2.47687 -1.65445 -1.77944 -1.62436 -1.98151 -2.51515 -1.53404 -3.1417 -2.52082 -1.98785 -2.03397 -2.13339 -2.60894 -2.71462 0 -1.74684 -1.82617 -3.21336 -2.4936 -2.78482 -2.62287 -2.11536 -1.93552 -2.10483 -2.43138 -2.13888 -2.73364 -2.53827 -2.04675 -2.29376 -2.59488 -2.53396 -2.05274
-3.4849 -1.63212 -2.00719 -1.79803 -2.62922 -1.96293 -1.83409 -1.26457 -2.89143 -2.70636 -1.65723 -3.71101 -2.89222 -2.03161 -1.66862 -1.72359 -2.05806 -2.57142 -1.74684 0 -1.40554 -3.76192 -2.90309 -2.65716 -2.16232 -1.5587 -1.7292 -1.93294 -2.11735 -1.86528 -2.26671 -3.10029 -2.70398 -2.90294 -2.05069 -1.93854 -1.75638
-3.35869 -1.68104 -1.86299 -1.77788 -2.88605 -1.79084 -2.01709 -1.08473 -2.6511 -2.58027 -1.78305 -3.93118 -3.0976 -1.77877 -1.58656 -1.20901 -1.46169 -2.98448 -1.82617 -1.40554 0 -3.6121 -2.95387 -2.51631 -1.42546 -1.15803 -1.38723 -1.9501 -1.60137 -1.72997 -1.54524 -2.78088 -2.7625 -2.8682 -1.50649 -1.34648 -1.2194
-4.80775 -3.51928 -4.97683 -3.47738 -3.64494 -2.77942 -4.00391 -3.37015 -2.80462 -3.19198 -3.10824 -4.23969 -4.15143 -3.96352 -3.50477 -3.73513 -4.1205 -4.36336 -3.21336 -3.76192 -3.6121 0 -2.1323 -3.71826 -3.80133 -3.45259 -3.85273 -3.02361 -4.29487 -3.89534 -3.88473 -3.97316 -3.44249 -3.5209 -4.22515 -3.61138 -3.03984
-3.59506 -2.68845 -3.91451 -2.23329 -3.1267 -2.40134 -2.86343 -2.52955 -2.34364 -2.34975 -2.43149 -3.61178 -3.00552 -2.98037 -2.50712 -3.101 -3.44552 -3.34727 -2.4936 -2.90309 -2.95387 -2.1323 0 -3.20261 -3.291 -2.807 -2.82772 -2.35507 -3.39274 -2.91243 -3.48479 -2.93692 -2.95439 -2.44725 -3.33495 -3.02663 -2.59263
-4.27388 -2.37571 -2.69677 -2.68722 -2.34682 -1.89596 -2.49668 -2.38215 -2.79449 -2.74954 -2.331 -3.49222 -2.98538 -2.02508 -2.14904 -1.74004 -2.32032 -3.44199 -2.78482 -2.65716 -2.51631 -3.71826 -3.20261 0 -1.90325 -2.11217 -2.17202 -2.38277 -2.43916 -2.46111 -2.35273 -3.79184 -2.66407 -2.69027 -2.53603 -2.03712 -2.05478
-3.94487 -1.50049 -2.23844 -2.1004 -2.48644 -1.6047 -2.47177 -1.89545 -2.7772 -2.82583 -2.11833 -3.71704 -3.27756 -1.90984 -1.63547 -1.20314 -1.178 -3.69184 -2.62287 -2.16232 -1.42546 -3.80133 -3.291 -1.90325 0 -1.03657 -1.07699 -2.07481 -1.5646 -1.74052 -0.928722 -3.28893 -2.61989 -2.90311 -1.34975 -1.27381 -1.24985
-3.47992 -1.15265 -2.33783 -1.49439 -2.58996 -1.35437 -2.05201 -1.45457 -2.32478 -2.52628 -1.89977 -3.68517 -3.04989 -1.91996 -1.39466 -1.23442 -1.13387 -3.19972 -2.11536 -1.5587 -1.15803 -3.45259 -2.807 -2.11217 -1.03657 0 -0.837037 -1.58135 -1.54569 -1.53647 -1.10512 -2.713 -2.16401 -2.58089 -1.19199 -1.23819 -0.96449
-3.38487 -1.49621 -1.98993 -1.53129 -2.51869 -1.6017 -1.87841 -1.61834 -2.34276 -2.64791 -1.88234 -3.27628 -2.72271 -1.52671 -1.34242 -1.12693 -1.25363 -2.92692 -1.93552 -1.7292 -1.38723 -3.85273 -2.82772 -2.17202 -1.07699 -0.837037 0 -1.91119 -1.23625 -1.29694 -1.33855 -2.85475 -2.004 -2.44611 -1.26734 -1.5943 -1.37548
-3.17638 -1.68629 -2.9975 -1.48685 -2.35472 -1.88772 -2.40938 -1.59326 -2.32267 -2.11289 -1.92824 -3.22276 -2.77799 -2.3046 -1.47524 -1.91842 -2.24944 -2.87627 -2.10483 -1.93294 -1.9501 -3.02361 -2.35507 -2.38277 -2.07481 -1.58135 -1.91119 0 -2.37426 -1.97905 -2.17367 -2.16444 -2.38452 -2.45722 -2.18814 -1.80061 -1.38939
-3.89195 -1.87421 -2.33609 -2.08099 -2.4908 -2.17047 -2.24856 -2.15962 -2.83002 -3.06306 -2.47506 -3.39383 -2.76102 -1.5983 -1.77554 -1.35432 -1.24225 -3.64474 -2.43138 -2.11735 -1.60137 -4.29487 -3.39274 -2.43916 -1.5646 -1.54569 -1.23625 -2.37426 0 -1.43599 -1.78179 -3.24073 -2.71135 -2.66894 -1.50131 -1.35489 -1.82077
-3.33859 -1.69207 -2.45639 -1.60092 -1.9844 -1.8805 -1.66967 -1.94486 -2.48164 -2.51396 -2.14044 -2.91027 -2.12891 -1.40863 -1.23522 -1.39598 -1.6162 -3.126 -2.13888 -1.86528 -1.72997 -3.89534 -2.91243 -2.46111 -1.74052 -1.53647 -1.29694 -1.97905 -1.43599 0 -2.05268 -2.74329 -2.41955 -2.25544 -1.72709 -1.56018 -1.59357
-4.19235 -1.67685 -2.5001 -2.20365 -3.12096 -1.83557 -2.73668 -2.04415 -2.97445 -3.14884 -2.48564 -4.32266 -3.70598 -2.42929 -2.05196 -1.48283 -1.41963 -4.00028 -2.73364 -2.26671 -1.54524 -3.88473 -3.48479 -2.35273 -0.928722 -1.10512 -1.33855 -2.17367 -1.78179 -2.05268 0 -3.38984 -2.81769 -3.23595 -1.62308 -1.40214 -1.37412
-3.12521 -2.85395 -4.01746 -2.23308 -3.0921 -2.58092 -2.54194 -2.8469 -2.35012 -2.41343 -2.81493 -3.60961 -2.89445 -2.94618 -2.42307 -3.03788 -3.38391 -3.65717 -2.53827 -3.10029 -2.78088 -3.97316 -2.93692 -3.79184 -3.28893 -2.713 -2.85475 -2.16444 -3.24073 -2.74329 -3.38984 0 -3.20524 -2.60277 -3.28606 -2.98273 -2.53058
-4.19467 -2.16998 -3.14975 -2.57248 -2.73568 -1.9665 -2.45239 -2.44141 -2.28267 -2.91727 -2.40055 -3.07644 -3.11713 -2.62245 -2.31894 -2.3709 -2.70699 -3.66048 -2.04675 -2.70398 -2.7625 -3.44249 -2.95439 -2.66407 -2.61989 -2.16401 -2.004 -2.38452 -2.71135 -2.41955 -2.81769 -3.20524 0 -2.47466 -2.41636 -2.76081 -2.41826
-3.21096 -2.50901 -3.40891 -1.9037 -2.13731 -1.95598 -2.22436 -2.70886 -1.45589 -1.91355 -2.26176 -2.50042 -2.01495 -2.3311 -2.06883 -2.6239 -2.96769 -3.35379 -2.29376 -2.90294 -2.8682 -3.5209 -2.44725 -2.69027 -2.90311 -2.58089 -2.44611 -2.45722 -2.66894 -2.25544 -3.23595 -2.60277 -2.47466 0 -2.96288 -2.58451 -2.62932
-3.98513 -1.69276 -2.19433 -2.09555 -2.92679 -2.01017 -2.17979 -1.98948 -2.89938 -2.98938 -2.3729 -3.29517 -3.26973 -2.08427 -1.73978 -1.56726 -1.44173 -3.70244 -2.59488 -2.05069 -1.50649 -4.22515 -3.33495 -2.53603 -1.34975 -1.19199 -1.26734 -2.18814 -1.50131 -1.72709 -1.62308 -3.28606 -2.41636 -2.96288 0 -1.55428 -1.68168
-3.60054 -1.44109 -2.38935 -1.59216 -2.35904 -1.58108 -2.32328 -1.67481 -2.62718 -2.49055 -2.13763 -3.5974 -2.95448 -1.80054 -1.39618 -1.23446 -1.49698 -3.58 -2.53396 -1.93854 -1.34648 -3.61138 -3.02663 -2.03712 -1.27381 -1.23819 -1.5943 -1.80061 -1.35489 -1.56018 -1.40214 -2.98273 -2.76081 -2.58451 -1.55428 0 -1.06909
-3.24478 -1.27862 -2.50005 -1.44883 -2.51598 -1.22828 -2.1568 -1.42855 -2.36454 -2.26483 -1.87116 -3.74521 -2.8405 -1.72693 -1.36779 -1.16652 -1.55653 -3.24069 -2.05274 -1.75638 -1.2194 -3.03984 -2.59263 -2.05478 -1.24985 -0.96449 -1.37548 -1.38939 -1.82077 -1.59357 -1.37412 -2.53058 -2.41826 -2.62932 -1.68168 -1.06909 0
