0 8.55103 17.0886 6.85629 24.7061 14.0157 11.9912 9.13546 18.241 19.4809 20.0475 31.6524 18.5903 17.8768 18.0718 6.61331 11.9159 7.70472 6.37074 10.0269 11.0752 18.149 21.3418 9.59827 18.3034 10.5948 8.20257 7.44206 9.43995 15.5135 10.0996 7.66837 10.8054 25.1073 12.9819 9.0566 8.2632
8.55103 0 14.6852 12.9028 22.1204 8.86961 7.88291 15.3404 19.7425 17.1838 17.6104 26.4819 14.1797 21.5921 14.0438 8.20572 11.1931 13.7023 10.3501 7.04163 9.12252 25.6287 17.2525 7.31601 15.7409 10.3997 8.14716 10.9694 8.70204 11.136 8.13488 13.4506 10.1042 20.5759 10.8081 8.74309 7.6091
17.0886 14.6852 0 17.0476 13.8259 17.5626 15.487 17.2439 24.7486 18.0632 19.6831 20.2023 14.3769 25.9304 19.9799 15.3791 15.8344 15.4172 18.9777 13.7216 14.2383 28.923 17.3161 12.6386 15.4659 15.5467 12.3394 18.3839 14.8828 10.4936 13.986 20.1658 21.3193 19.0897 11.2044 17.491 18.0866
6.85629 12.9028 17.0476 0 25.791 15.4729 15.4719 10.7962 16.8023 21.7541 17.7762 32.0076 16.3435 13.8484 15.8533 11.2027 15.5938 5.25179 4.67199 9.58884 16.0641 14.7161 23.136 10.4447 21.5689 13.4152 11.9553 8.22883 14.9776 14.4713 13.8947 6.1246 11.2039 25.0547 12.9776 11.2316 11.9601
24.7061 22.1204 13.8259 25.791 0 21.2027 23.0498 19.8578 29.285 16.0974 22.5382 12.5242 21.2388 30.4475 26.9647 23.9433 23.389 24.3009 27.5828 20.8933 20.195 29.304 22.3485 20.469 15.6439 23.8097 21.2803 26.6518 22.5783 16.5148 23.0376 28.6142 30.1066 17.7494 19.7507 25.7172 25.4904
14.0157 8.86961 17.5626 15.4729 21.2027 0 11.0074 13.6481 15.5338 15.3312 13.984 21.6254 10.6621 23.9201 10.787 14.9519 18.2202 14.1385 17.335 12.1739 14.1134 21.5649 13.8004 7.73991 20.7332 17.3633 14.7254 15.9265 15.9839 16.6597 14.8039 18.3412 12.3114 20.9131 15.7387 15.5682 15.2928
11.9912 7.88291 15.487 15.4719 23.0498 11.0074 0 15.807 21.4794 11.7957 14.5724 27.4353 11.0448 26.7386 12.6308 7.49723 13.3095 14.3418 11.0552 8.98155 7.64149 27.4994 12.2027 10.2517 15.2657 11.4238 10.7369 12.1516 10.3558 12.0918 6.66702 16.2489 11.7534 19.795 11.342 9.54585 9.0737
9.13546 15.3404 17.2439 10.7962 19.8578 13.6481 15.807 0 14.9106 20.0101 15.9925 28.1126 18.5248 17.8104 18.2916 13.3967 19.6699 9.31506 13.1226 15.9293 16.3771 12.6099 21.2486 12.9236 23.8733 17.713 14.1613 10.4849 17.1132 18.7704 13.9557 12.3669 13.5993 29.2954 14.9804 15.2929 16.1977
18.241 19.7425 24.7486 16.8023 29.285 15.5338 21.4794 14.9106 0 26.8815 12.3223 23.8342 17.8023 12.0477 19.6204 22.7912 27.9823 12.6363 20.806 22.5227 26.0264 16.4024 26.9571 18.1027 33.0466 27.1555 23.8971 20.0499 26.2134 24.5927 23.9205 21.8309 13.3563 25.5303 25.1695 25.0284 25.6296
19.4809 17.1838 18.0632 21.7541 16.0974 15.3312 11.7957 20.0101 26.8815 0 16.3764 21.4953 12.7755 32.4011 17.0568 15.6873 19.5782 20.3568 21.7017 15.8744 12.68 30.8716 18.0612 16.6095 13.7958 19.9626 14.641 18.5952 16.9733 14.7396 14.8149 20.6974 19.2703 12.8089 15.6117 17.4056 18.1362
20.0475 17.6104 19.6831 17.7762 22.5382 13.984 14.5724 15.9925 12.3223 16.3764 0 17.992 12.5249 17.8636 12.5199 18.1292 26.1681 13.6983 21.9224 18.2678 19.1743 22.7211 17.5357 15.2083 24.5058 23.9423 20.7985 21.3058 23.6396 19.6219 18.8926 22.7105 15.1039 14.745 20.0168 22.0066 22.8995
31.6524 26.4819 20.2023 32.0076 12.5242 21.6254 27.4353 28.1126 23.8342 21.4953 17.992 0 20.6891 29.8707 26.546 31.3194 29.7088 28.0333 35.5532 27.4191 28.2345 31.8148 23.8812 23.9111 22.9808 31.3678 29.0495 34.2698 29.7036 22.0167 30.8749 36.4575 28.7279 16.7499 27.7158 33.5393 32.6058
18.5903 14.1797 14.3769 16.3435 21.2388 10.6621 11.0448 18.5248 17.8023 12.7755 12.5249 20.6891 0 25.2142 13.4662 14.5961 16.3662 14.8371 18.6008 12.8179 11.7757 23.8633 16.3624 11.8936 16.8597 16.745 11.342 17.8281 14.0793 9.92781 13.5875 19.8326 13.998 15.835 12.1454 16.2353 17.4496
17.8768 21.5921 25.9304 13.8484 30.4475 23.9201 26.7386 17.8104 12.0477 32.4011 17.8636 29.8707 25.2142 0 18.7543 21.8848 28.044 13.307 17.7376 22.163 27.0886 18.4819 29.8174 19.4743 34.5129 26.1439 22.9153 21.092 25.5984 25.5936 24.8549 18.5047 17.6154 27.4017 26.0917 24.0494 24.8297
18.0718 14.0438 19.9799 15.8533 26.9647 10.787 12.6308 18.2916 19.6204 17.0568 12.5199 26.546 13.4662 18.7543 0 18.6175 23.2157 14.3058 19.945 16.819 17.1491 27.8764 14.3935 11.5117 24.7243 20.518 17.3415 19.5006 20.1423 17.6503 17.1837 21.1914 12.3629 18.1489 18.3574 18.5897 19.0935
6.61331 8.20572 15.3791 11.2027 23.9433 14.9519 7.49723 13.3967 22.7912 15.6873 18.1292 31.3194 14.5961 21.8848 18.6175 0 8.5899 11.9954 6.80647 7.24861 6.14656 22.8981 17.598 10.7524 12.9906 6.97594 6.35546 7.62916 6.1098 12.23 4.36138 10.255 12.8739 23.1767 8.99835 5.20513 5.1372
11.9159 11.1931 15.8344 15.5938 23.389 18.2202 13.3095 19.6699 27.9823 19.5782 26.1681 29.7088 16.3662 28.044 23.2157 8.5899 0 18.2629 11.1515 10.4206 8.08041 26.1866 19.9573 12.4228 10.7169 2.97114 6.56682 9.78925 3.35478 12.0215 8.7986 12.3317 18.492 24.8119 7.0651 4.78791 4.68619
7.70472 13.7023 15.4172 5.25179 24.3009 14.1385 14.3418 9.31506 12.6363 20.3568 13.6983 28.0333 14.8371 13.307 14.3058 11.9954 18.2629 0 9.52661 12.33 16.8422 16.6614 21.2298 11.102 24.4358 15.8466 12.4072 11.1901 15.6576 15.2031 13.9364 10.334 9.60699 23.2397 15.3967 13.6963 14.7446
6.37074 10.3501 18.9777 4.67199 27.5828 17.335 11.0552 13.1226 20.806 21.7017 21.9224 35.5532 18.6008 17.7376 19.945 6.80647 11.1515 9.52661 0 9.42199 11.6181 18.749 21.46 12.4261 17.0274 9.21316 10.1715 5.75274 10.4696 16.1681 10.0132 5.97478 11.401 27.3027 13.0684 7.29121 7.31739
10.0269 7.04163 13.7216 9.58884 20.8933 12.1739 8.98155 15.9293 22.5227 15.8744 18.2678 27.4191 12.8179 22.163 16.819 7.24861 10.4206 12.33 9.42199 0 9.74977 22.8928 20.0912 7.90549 15.157 9.30101 8.76014 9.95695 9.99395 10.1415 8.73384 9.99642 15.1099 23.2079 7.34394 7.30161 6.73186
11.0752 9.12252 14.2383 16.0641 20.195 14.1134 7.64149 16.3771 26.0264 12.68 19.1743 28.2345 11.7757 27.0886 17.1491 6.14656 8.08041 16.8422 11.6181 9.74977 0 28.0764 16.8214 13.1083 8.08647 8.34065 7.32435 9.01396 5.42335 11.3447 3.20698 12.9382 16.6782 20.5111 8.19982 6.45802 6.12908
18.149 25.6287 28.923 14.7161 29.304 21.5649 27.4994 12.6099 16.4024 30.8716 22.7211 31.8148 23.8633 18.4819 27.8764 22.8981 26.1866 16.6614 18.749 22.8928 28.0764 0 32.9185 22.0981 32.654 25.0799 23.8544 19.883 26.0458 28.5428 25.987 17.6957 21.6201 35.7089 25.0768 23.0164 23.5376
21.3418 17.2525 17.3161 23.136 22.3485 13.8004 12.2027 21.2486 26.9571 18.0612 17.5357 23.8812 16.3624 29.8174 14.3935 17.598 19.9573 21.2298 21.46 20.0912 16.8214 32.9185 0 14.6653 19.784 17.2994 18.1397 22.5043 19.242 16.8037 15.8962 26.3171 17.2589 17.2634 17.098 19.4925 20.1771
9.59827 7.31601 12.6386 10.4447 20.469 7.73991 10.2517 12.9236 18.1027 16.6095 15.2083 23.9111 11.8936 19.4743 11.5117 10.7524 12.4228 11.102 12.4261 7.90549 13.1083 22.0981 14.6653 0 18.5941 10.7128 7.74171 13.6709 9.8625 11.6093 11.7985 13.2759 12.3737 20.3777 10.57 10.8001 10.6418
18.3034 15.7409 15.4659 21.5689 15.6439 20.7332 15.2657 23.8733 33.0466 13.7958 24.5058 22.9808 16.8597 34.5129 24.7243 12.9906 10.7169 24.4358 17.0274 15.157 8.08647 32.654 19.784 18.5941 0 11.317 12.7742 13.7274 9.85846 16.3623 10.731 18.5651 23.3304 17.5832 11.3513 11.4741 11.1716
10.5948 10.3997 15.5467 13.4152 23.8097 17.3633 11.4238 17.713 27.1555 19.9626 23.9423 31.3678 16.745 26.1439 20.518 6.97594 2.97114 15.8466 9.21316 9.30101 8.34065 25.0799 17.2994 10.7128 11.317 0 6.47824 8.00621 4.20732 12.0435 6.28364 10.0797 17.2943 25.3887 5.10702 3.27128 3.30601
8.20257 8.14716 12.3394 11.9553 21.2803 14.7254 10.7369 14.1613 23.8971 14.641 20.7985 29.0495 11.342 22.9153 17.3415 6.35546 6.56682 12.4072 10.1715 8.76014 7.32435 23.8544 18.1397 7.74171 12.7742 6.47824 0 11.4902 4.10736 9.71559 7.03677 11.2727 14.0054 20.0474 7.86044 6.06627 7.14431
7.44206 10.9694 18.3839 8.22883 26.6518 15.9265 12.1516 10.4849 20.0499 18.5952 21.3058 34.2698 17.8281 21.092 19.5006 7.62916 9.78925 11.1901 5.75274 9.95695 9.01396 19.883 22.5043 13.6709 13.7274 8.00621 11.4902 0 9.17199 15.0104 7.41091 5.18044 12.2375 28.4859 8.14136 6.36976 6.08719
9.43995 8.70204 14.8828 14.9776 22.5783 15.9839 10.3558 17.1132 26.2134 16.9733 23.6396 29.7036 14.0793 25.5984 20.1423 6.1098 3.35478 15.6576 10.4696 9.99395 5.42335 26.0458 19.242 9.8625 9.85846 4.20732 4.10736 9.17199 0 11.0998 6.12224 11.5852 16.3974 22.5834 8.59508 4.57861 3.91841
15.5135 11.136 10.4936 14.4713 16.5148 16.6597 12.0918 18.7704 24.5927 14.7396 19.6219 22.0167 9.92781 25.5936 17.6503 12.23 12.0215 15.2031 16.1681 10.1415 11.3447 28.5428 16.8037 11.6093 16.3623 12.0435 9.71559 15.0104 11.0998 0 11.6058 17.4394 16.8921 18.666 8.20969 14.4277 13.9918
10.0996 8.13488 13.986 13.8947 23.0376 14.8039 6.66702 13.9557 23.9205 14.8149 18.8926 30.8749 13.5875 24.8549 17.1837 4.36138 8.7986 13.9364 10.0132 8.73384 3.20698 25.987 15.8962 11.7985 10.731 6.28364 7.03677 7.41091 6.12224 11.6058 0 11.1867 14.561 22.0728 5.9413 4.4907 5.126
7.66837 13.4506 20.1658 6.1246 28.6142 18.3412 16.2489 12.3669 21.8309 20.6974 22.7105 36.4575 19.8326 18.5047 21.1914 10.255 12.3317 10.334 5.97478 9.99642 12.9382 17.6957 26.3171 13.2759 18.5651 10.0797 11.2727 5.18044 11.5852 17.4394 11.1867 0 14.4938 30.3467 10.3414 8.37124 8.3581
10.8054 10.1042 21.3193 11.2039 30.1066 12.3114 11.7534 13.5993 13.3563 19.2703 15.1039 28.7279 13.998 17.6154 12.3629 12.8739 18.492 9.60699 11.401 15.1099 16.6782 21.6201 17.2589 12.3737 23.3304 17.2943 14.0054 12.2375 16.3974 16.8921 14.561 14.4938 0 20.1831 17.1879 14.8641 15.7637
25.1073 20.5759 19.0897 25.0547 17.7494 20.9131 19.795 29.2954 25.5303 12.8089 14.745 16.7499 15.835 27.4017 18.1489 23.1767 24.8119 23.2397 27.3027 23.2079 20.5111 35.7089 17.2634 20.3777 17.5832 25.3887 20.0474 28.4859 22.5834 18.666 22.0728 30.3467 20.1831 0 23.0587 25.1305 25.7754
12.9819 10.8081 11.2044 12.9776 19.7507 15.7387 11.342 14.9804 25.1695 15.6117 20.0168 27.7158 12.1454 26.0917 18.3574 8.99835 7.0651 15.3967 13.0684 7.34394 8.19982 25.0768 17.098 10.57 11.3513 5.10702 7.86044 8.14136 8.59508 8.20969 5.9413 10.3414 17.1879 23.0587 0 6.83643 7.63455
9.0566 8.74309 17.491 11.2316 25.7172 15.5682 9.54585 15.2929 25.0284 17.4056 22.0066 33.5393 16.2353 24.0494 18.5897 5.20513 4.78791 13.6963 7.29121 7.30161 6.45802 23.0164 19.4925 10.8001 11.4741 3.27128 6.06627 6.36976 4.57861 14.4277 4.4907 8.37124 14.8641 25.1305 6.83643 0 1.66741
8.2632 7.6091 18.0866 11.9601 25.4904 15.2928 9.0737 16.1977 25.6296 18.1362 22.8995 32.6058 17.4496 24.8297 19.0935 5.1372 4.68619 14.7446 7.31739 6.73186 6.12908 23.5376 20.1771 10.6418 11.1716 3.30601 7.14431 6.08719 3.91841 13.9918 5.126 8.3581 15.7637 25.7754 7.63455 1.66741 0
