0.000000000000000000e+00 1.000000000000000000e+01 1.797220075561142849e+01 8.485281374238569541e+00 2.677685567799176880e+01 1.337908816025965208e+01 1.208304597359457233e+01 1.296148139681572076e+01 2.323790007724450035e+01 2.188606862823928978e+01 2.118962010041709121e+01 2.932575659723035955e+01 1.688194301613413373e+01 2.611512971440119202e+01 2.100000000000000000e+01 9.165151389911679658e+00 1.200000000000000000e+01 1.053565375285273831e+01 7.810249675906653977e+00 1.014889156509221912e+01 1.240967364599085698e+01 2.206807649071390998e+01 1.868154169226940553e+01 1.077032961426900748e+01 2.080865204668481283e+01 9.949874371066199430e+00 1.053565375285273831e+01 8.306623862918074863e+00 1.019803902718556898e+01 1.469693845669906906e+01 1.113552872566004304e+01 9.486832980505138124e+00 1.435270009440732331e+01 2.617250465660480074e+01 1.170469991071962568e+01 9.273618495495703939e+00 8.246211251235321171e+00
1.000000000000000000e+01 0.000000000000000000e+00 1.459451951932642366e+01 1.174734012447073006e+01 2.308679276123039159e+01 1.024695076595959797e+01 1.000000000000000000e+01 1.612451549659709826e+01 2.236067977499789805e+01 1.808314132002512409e+01 1.841195263952196726e+01 2.489979919597746516e+01 1.345362404707370985e+01 2.416609194718914466e+01 1.603121954188139853e+01 9.797958971132711525e+00 1.240967364599085698e+01 1.252996408614166768e+01 1.053565375285273831e+01 7.810249675906653977e+00 1.174734012447073006e+01 2.479919353527449033e+01 1.459451951932642366e+01 8.717797887081347952e+00 1.791647286716891685e+01 1.260952021291849157e+01 1.034408043278860134e+01 1.228820572744450779e+01 1.183215956619923226e+01 1.140175425099137918e+01 1.191637528781298450e+01 1.462873883832779320e+01 1.122497216032182443e+01 2.012461179749810825e+01 1.244989959798873258e+01 1.191637528781298450e+01 1.140175425099137918e+01
1.797220075561142849e+01 1.459451951932642366e+01 0.000000000000000000e+00 1.746424919657297892e+01 1.529705854077835525e+01 1.529705854077835525e+01 1.466287829861517977e+01 1.752141546793523119e+01 2.406241883103193047e+01 1.630950643030008962e+01 1.822086715828859838e+01 1.769180601295413169e+01 1.349073756323204165e+01 2.559296778413945361e+01 1.954482028569206520e+01 1.526433752247374720e+01 1.445683229480096088e+01 1.649242250247064234e+01 1.860107523773827509e+01 1.319090595827291956e+01 1.452583904633394951e+01 2.501999200639360765e+01 1.414213562373095101e+01 1.244989959798873258e+01 1.568438714135812262e+01 1.428285685708570085e+01 1.319090595827291956e+01 1.849324200890692893e+01 1.506651917331936374e+01 9.746794344808963118e+00 1.424780684877500647e+01 1.957038579078092511e+01 1.931320791582796659e+01 1.860107523773827509e+01 1.140175425099137918e+01 1.627882059609970611e+01 1.676305461424021104e+01
8.485281374238569541e+00 1.174734012447073006e+01 1.746424919657297892e+01 0.000000000000000000e+00 2.711088342345191649e+01 1.506651917331936374e+01 1.562049935181330795e+01 1.191637528781298450e+01 1.959591794226542305e+01 2.431049156228643682e+01 1.992485884517127559e+01 2.874021572639982836e+01 1.664331697709323876e+01 2.044504830026087205e+01 2.042057785666213832e+01 1.224744871391589029e+01 1.476482306023340030e+01 8.062257748298549132e+00 7.937253933193772149e+00 1.053565375285273831e+01 1.649242250247064234e+01 1.889444362769118513e+01 2.007485989988473207e+01 9.797958971132711525e+00 2.343074902771996193e+01 1.260952021291849157e+01 1.126942766958464404e+01 1.161895003862225018e+01 1.385640646055101755e+01 1.503329637837290811e+01 1.400000000000000000e+01 8.366600265340755627e+00 1.356465996625053627e+01 2.617250465660480074e+01 1.307669683062202104e+01 1.166190378969060149e+01 1.216552506059643868e+01
2.677685567799176880e+01 2.308679276123039159e+01 1.529705854077835525e+01 2.711088342345191649e+01 0.000000000000000000e+00 2.004993765576342213e+01 2.233830790368867625e+01 2.211334438749598164e+01 2.826658805020514009e+01 1.612451549659709826e+01 1.974841765813149763e+01 1.322875655532295269e+01 1.994993734326000379e+01 3.100000000000000000e+01 2.473863375370596174e+01 2.393741840717164848e+01 2.422808287917143488e+01 2.477902338672773297e+01 2.905167809266789902e+01 2.163330765278393741e+01 2.066397831977182520e+01 2.853068523537421086e+01 1.959591794226542305e+01 2.211334438749598164e+01 1.777638883463117736e+01 2.477902338672773297e+01 2.374868417407583365e+01 2.611512971440119202e+01 2.451530134426252516e+01 1.889444362769118513e+01 2.224859546128698895e+01 2.886173937932362321e+01 2.794637722496424104e+01 1.923538406167134340e+01 2.068816086557720269e+01 2.519920633670830412e+01 2.551470164434614674e+01
1.337908816025965208e+01 1.024695076595959797e+01 1.529705854077835525e+01 1.506651917331936374e+01 2.004993765576342213e+01 0.000000000000000000e+00 1.109053650640941768e+01 1.260952021291849157e+01 1.962141687034858251e+01 1.637070554374490072e+01 1.503329637837290811e+01 2.211334438749598164e+01 1.191637528781298450e+01 2.410394158638790074e+01 1.371130920080208782e+01 1.417744687875782539e+01 1.658312395177700083e+01 1.288409872672512613e+01 1.612451549659709826e+01 1.303840481040529831e+01 1.445683229480096088e+01 2.039607805437113797e+01 1.200000000000000000e+01 9.643650760992954929e+00 1.979898987322333070e+01 1.673320053068151125e+01 1.449137674618943805e+01 1.581138830084189628e+01 1.584297951775485913e+01 1.431782106327635340e+01 1.466287829861517977e+01 1.889444362769118513e+01 1.260952021291849157e+01 1.881488772222677852e+01 1.562049935181330795e+01 1.615549442140351033e+01 1.621727474022685556e+01
1.208304597359457233e+01 1.000000000000000000e+01 1.466287829861517977e+01 1.562049935181330795e+01 2.233830790368867625e+01 1.109053650640941768e+01 0.000000000000000000e+00 1.685229954635271810e+01 2.485960578931210563e+01 1.424780684877500647e+01 1.824828759089465890e+01 2.505992817228333536e+01 1.292284798332008577e+01 2.796426290821912630e+01 1.571623364550171154e+01 9.486832980505138124e+00 1.378404875209022151e+01 1.374772708486752038e+01 1.396424004376894068e+01 1.135781669160054719e+01 1.009950493836207741e+01 2.685144316419510346e+01 1.220655561573370207e+01 1.048808848170151542e+01 1.694107434609741603e+01 1.322875655532295269e+01 1.135781669160054719e+01 1.431782106327635340e+01 1.157583690279022548e+01 1.248999599679679662e+01 9.695359714832658682e+00 1.749285568453590045e+01 1.428285685708570085e+01 2.042057785666213832e+01 1.276714533480370406e+01 1.256980508997653523e+01 1.248999599679679662e+01
1.296148139681572076e+01 1.612451549659709826e+01 1.752141546793523119e+01 1.191637528781298450e+01 2.211334438749598164e+01 1.260952021291849157e+01 1.685229954635271810e+01 0.000000000000000000e+00 1.870828693386970798e+01 2.193171219946130890e+01 1.717556403731766679e+01 2.607680962081059661e+01 1.700000000000000000e+01 2.240535650240807897e+01 2.056696380120313350e+01 1.612451549659709826e+01 1.783255450012700649e+01 9.539392014169456147e+00 1.571623364550171154e+01 1.519868415357066382e+01 1.708800749063506075e+01 1.438749456993815912e+01 1.905255888325764957e+01 1.296148139681572076e+01 2.351595203260969313e+01 1.646207763315432970e+01 1.565247584249852864e+01 1.352774925846868292e+01 1.697056274847713908e+01 1.777638883463117736e+01 1.555634918610404505e+01 1.469693845669906906e+01 1.743559577416269590e+01 2.613426869074395853e+01 1.513274595042155646e+01 1.549193338482966809e+01 1.630950643030008962e+01
2.323790007724450035e+01 2.236067977499789805e+01 2.406241883103193047e+01 1.959591794226542305e+01 2.826658805020514009e+01 1.962141687034858251e+01 2.485960578931210563e+01 1.870828693386970798e+01 0.000000000000000000e+00 2.662705391138869615e+01 1.345362404707370985e+01 2.441311123146740414e+01 1.734935157289747210e+01 1.442220510185595650e+01 2.051828452868319275e+01 2.565151067676131902e+01 2.720294101747088789e+01 1.603121954188139853e+01 2.555386467836127551e+01 2.260530911091462869e+01 2.749545416973504075e+01 1.819340539866025352e+01 2.574878637916746627e+01 2.000000000000000000e+01 3.182766092567909766e+01 2.718455443813637373e+01 2.355843797877949441e+01 2.523885892824792521e+01 2.698147512646408330e+01 2.284731931759172596e+01 2.607680962081059661e+01 2.453568829277059393e+01 1.805547008526778896e+01 2.426932219902319332e+01 2.455605831561734931e+01 2.641968962724581260e+01 2.742261840160417563e+01
2.188606862823928978e+01 1.808314132002512409e+01 1.630950643030008962e+01 2.431049156228643682e+01 1.612451549659709826e+01 1.637070554374490072e+01 1.424780684877500647e+01 2.193171219946130890e+01 2.662705391138869615e+01 0.000000000000000000e+00 1.679285562374666441e+01 1.910497317454279909e+01 1.280624847486569706e+01 3.244996147917590434e+01 2.059126028197400160e+01 1.734935157289747210e+01 1.931320791582796659e+01 2.107130750570547661e+01 2.453568829277059393e+01 1.822086715828859838e+01 1.315294643796590535e+01 3.069201850644561347e+01 1.600000000000000000e+01 1.894729532149641571e+01 1.385640646055101755e+01 2.019900987672415482e+01 1.749285568453590045e+01 2.135415650406262245e+01 1.835755975068581947e+01 1.493318452306807842e+01 1.500000000000000000e+01 2.523885892824792521e+01 2.165640782770771366e+01 1.489966442575133954e+01 1.685229954635271810e+01 1.962141687034858251e+01 2.042057785666213832e+01
2.118962010041709121e+01 1.841195263952196726e+01 1.822086715828859838e+01 1.992485884517127559e+01 1.974841765813149763e+01 1.503329637837290811e+01 1.824828759089465890e+01 1.717556403731766679e+01 1.345362404707370985e+01 1.679285562374666441e+01 0.000000000000000000e+00 1.786057109949175015e+01 1.174734012447073006e+01 1.920937271229854559e+01 1.435270009440732331e+01 2.142428528562854950e+01 2.393741840717164848e+01 1.456021977856103611e+01 2.408318915758459156e+01 1.928730152198590986e+01 2.104756517984918673e+01 2.306512518934159317e+01 1.777638883463117736e+01 1.717556403731766679e+01 2.424871130596428159e+01 2.379075450674063674e+01 1.994993734326000379e+01 2.258317958127242875e+01 2.330236039546208815e+01 1.734935157289747210e+01 2.046948949045872013e+01 2.431049156228643682e+01 1.640121946685672683e+01 1.587450786638754430e+01 2.029778313018443825e+01 2.317326045251293465e+01 2.410394158638790074e+01
2.932575659723035955e+01 2.489979919597746516e+01 1.769180601295413169e+01 2.874021572639982836e+01 1.322875655532295269e+01 2.211334438749598164e+01 2.505992817228333536e+01 2.607680962081059661e+01 2.441311123146740414e+01 1.910497317454279909e+01 1.786057109949175015e+01 0.000000000000000000e+00 1.852025917745213590e+01 2.782085548648711182e+01 2.393741840717164848e+01 2.734958866235468733e+01 2.723967694375247106e+01 2.598076211353316012e+01 3.198437118343895236e+01 2.389560629069704234e+01 2.545584412271571040e+01 2.893095228297886479e+01 2.229349680960795510e+01 2.336664289109584658e+01 2.308679276123039159e+01 2.826658805020514009e+01 2.551470164434614674e+01 3.047950130825634218e+01 2.731300056749532601e+01 1.944222209522358114e+01 2.649528259898353966e+01 3.174901573277508859e+01 2.753179979587240922e+01 1.652271164185830443e+01 2.435159132377184221e+01 2.908607914449797249e+01 2.918903903865284732e+01
1.688194301613413373e+01 1.345362404707370985e+01 1.349073756323204165e+01 1.664331697709323876e+01 1.994993734326000379e+01 1.191637528781298450e+01 1.292284798332008577e+01 1.700000000000000000e+01 1.734935157289747210e+01 1.280624847486569706e+01 1.174734012447073006e+01 1.852025917745213590e+01 0.000000000000000000e+00 2.376972864800942631e+01 1.562049935181330795e+01 1.545962483374030683e+01 1.664331697709323876e+01 1.400000000000000000e+01 1.902629759044044633e+01 1.378404875209022151e+01 1.459451951932642366e+01 2.349468024894146012e+01 1.476482306023340030e+01 1.170469991071962568e+01 1.816590212458494946e+01 1.667333200053306541e+01 1.240967364599085698e+01 1.822086715828859838e+01 1.596871942267131139e+01 1.118033988749894903e+01 1.438749456993815912e+01 1.951922129594313660e+01 1.389244398944980396e+01 1.489966442575133954e+01 1.392838827718411920e+01 1.652271164185830443e+01 1.763519208854839704e+01
2.611512971440119202e+01 2.416609194718914466e+01 2.559296778413945361e+01 2.044504830026087205e+01 3.100000000000000000e+01 2.410394158638790074e+01 2.796426290821912630e+01 2.240535650240807897e+01 1.442220510185595650e+01 3.244996147917590434e+01 1.920937271229854559e+01 2.782085548648711182e+01 2.376972864800942631e+01 0.000000000000000000e+00 2.080865204668481283e+01 2.831960451701259274e+01 3.052867504494749440e+01 1.841195263952196726e+01 2.594224354214569317e+01 2.410394158638790074e+01 3.171750305430741079e+01 2.278157149978903462e+01 2.765863337187866122e+01 2.135415650406262245e+01 3.584689665786984136e+01 2.998332870112989923e+01 2.651414716712570296e+01 2.858321185591290359e+01 3.033150177620620269e+01 2.517935662402834396e+01 2.993325909419153064e+01 2.660826939130014068e+01 2.034698994937580352e+01 2.872281323269014308e+01 2.816025568065744622e+01 2.939387691339813813e+01 3.019933774108299929e+01
2.100000000000000000e+01 1.603121954188139853e+01 1.954482028569206520e+01 2.042057785666213832e+01 2.473863375370596174e+01 1.371130920080208782e+01 1.571623364550171154e+01 2.056696380120313350e+01 2.051828452868319275e+01 2.059126028197400160e+01 1.435270009440732331e+01 2.393741840717164848e+01 1.562049935181330795e+01 2.080865204668481283e+01 0.000000000000000000e+00 2.156385865284782355e+01 2.479919353527449033e+01 1.649242250247064234e+01 2.209072203437452231e+01 1.974841765813149763e+01 2.247220505424423109e+01 2.807133769523639799e+01 1.371130920080208782e+01 1.532970971675589134e+01 2.720294101747088789e+01 2.473863375370596174e+01 2.034698994937580352e+01 2.453568829277059393e+01 2.376972864800942631e+01 1.868154169226940553e+01 2.202271554554523902e+01 2.655183609470350703e+01 1.244989959798873258e+01 1.743559577416269590e+01 2.323790007724450035e+01 2.418677324489564739e+01 2.471841418861654915e+01
9.165151389911679658e+00 9.797958971132711525e+00 1.526433752247374720e+01 1.224744871391589029e+01 2.393741840717164848e+01 1.417744687875782539e+01 9.486832980505138124e+00 1.612451549659709826e+01 2.565151067676131902e+01 1.734935157289747210e+01 2.142428528562854950e+01 2.734958866235468733e+01 1.545962483374030683e+01 2.831960451701259274e+01 2.156385865284782355e+01 0.000000000000000000e+00 9.055385138137417300e+00 1.360147050873544394e+01 9.643650760992954929e+00 7.810249675906653977e+00 8.717797887081347952e+00 2.503996805109782997e+01 1.664331697709323876e+01 1.086278049120021549e+01 1.558845726811989607e+01 8.660254037844387298e+00 8.544003745317530374e+00 9.539392014169456147e+00 7.483314773547882659e+00 1.216552506059643868e+01 7.483314773547882659e+00 1.174734012447073006e+01 1.568438714135812262e+01 2.372762103540934575e+01 9.110433579144299188e+00 6.928203230275508773e+00 7.745966692414834043e+00
1.200000000000000000e+01 1.240967364599085698e+01 1.445683229480096088e+01 1.476482306023340030e+01 2.422808287917143488e+01 1.658312395177700083e+01 1.378404875209022151e+01 1.783255450012700649e+01 2.720294101747088789e+01 1.931320791582796659e+01 2.393741840717164848e+01 2.723967694375247106e+01 1.664331697709323876e+01 3.052867504494749440e+01 2.479919353527449033e+01 9.055385138137417300e+00 0.000000000000000000e+00 1.652271164185830443e+01 1.292284798332008577e+01 1.034408043278860134e+01 1.000000000000000000e+01 2.559296778413945361e+01 1.936491673103708422e+01 1.296148139681572076e+01 1.596871942267131139e+01 7.141428428542850426e+00 8.888194417315588680e+00 1.100000000000000000e+01 6.480740698407860378e+00 1.248999599679679662e+01 9.797958971132711525e+00 1.272792206135785520e+01 1.870828693386970798e+01 2.531797780234432693e+01 8.426149773176359048e+00 7.874007874011811126e+00 8.485281374238569541e+00
1.053565375285273831e+01 1.252996408614166768e+01 1.649242250247064234e+01 8.062257748298549132e+00 2.477902338672773297e+01 1.288409872672512613e+01 1.374772708486752038e+01 9.539392014169456147e+00 1.603121954188139853e+01 2.107130750570547661e+01 1.456021977856103611e+01 2.598076211353316012e+01 1.400000000000000000e+01 1.841195263952196726e+01 1.649242250247064234e+01 1.360147050873544394e+01 1.652271164185830443e+01 0.000000000000000000e+00 1.256980508997653523e+01 1.256980508997653523e+01 1.646207763315432970e+01 1.860107523773827509e+01 1.760681686165900928e+01 9.949874371066199430e+00 2.383275057562596899e+01 1.496662954709576532e+01 1.200000000000000000e+01 1.334166406412633421e+01 1.513274595042155646e+01 1.493318452306807842e+01 1.389244398944980396e+01 1.307669683062202104e+01 1.204159457879229578e+01 2.345207879911714954e+01 1.428285685708570085e+01 1.403566884761819900e+01 1.506651917331936374e+01
7.810249675906653977e+00 1.053565375285273831e+01 1.860107523773827509e+01 7.937253933193772149e+00 2.905167809266789902e+01 1.612451549659709826e+01 1.396424004376894068e+01 1.571623364550171154e+01 2.555386467836127551e+01 2.453568829277059393e+01 2.408318915758459156e+01 3.198437118343895236e+01 1.902629759044044633e+01 2.594224354214569317e+01 2.209072203437452231e+01 9.643650760992954929e+00 1.292284798332008577e+01 1.256980508997653523e+01 0.000000000000000000e+00 1.029563014098700080e+01 1.466287829861517977e+01 2.420743687382040932e+01 1.994993734326000379e+01 1.100000000000000000e+01 2.227105745132008607e+01 1.039230484541326405e+01 1.113552872566004304e+01 9.591663046625438227e+00 1.161895003862225018e+01 1.596871942267131139e+01 1.268857754044952024e+01 8.306623862918074863e+00 1.506651917331936374e+01 2.856571371417140170e+01 1.311487704860400072e+01 9.643650760992954929e+00 9.219544457292887074e+00
1.014889156509221912e+01 7.810249675906653977e+00 1.319090595827291956e+01 1.053565375285273831e+01 2.163330765278393741e+01 1.303840481040529831e+01 1.135781669160054719e+01 1.519868415357066382e+01 2.260530911091462869e+01 1.822086715828859838e+01 1.928730152198590986e+01 2.389560629069704234e+01 1.378404875209022151e+01 2.410394158638790074e+01 1.974841765813149763e+01 7.810249675906653977e+00 1.034408043278860134e+01 1.256980508997653523e+01 1.029563014098700080e+01 0.000000000000000000e+00 1.100000000000000000e+01 2.310844001658268709e+01 1.661324772583614973e+01 8.544003745317530374e+00 1.587450786638754430e+01 1.000000000000000000e+01 9.165151389911679658e+00 1.131370849898476116e+01 1.004987562112088995e+01 1.053565375285273831e+01 1.024695076595959797e+01 1.153256259467079659e+01 1.459451951932642366e+01 2.213594362117865444e+01 8.944271909999159220e+00 8.888194417315588680e+00 9.000000000000000000e+00
1.240967364599085698e+01 1.174734012447073006e+01 1.452583904633394951e+01 1.649242250247064234e+01 2.066397831977182520e+01 1.445683229480096088e+01 1.009950493836207741e+01 1.708800749063506075e+01 2.749545416973504075e+01 1.315294643796590535e+01 2.104756517984918673e+01 2.545584412271571040e+01 1.459451951932642366e+01 3.171750305430741079e+01 2.247220505424423109e+01 8.717797887081347952e+00 1.000000000000000000e+01 1.646207763315432970e+01 1.466287829861517977e+01 1.100000000000000000e+01 0.000000000000000000e+00 2.769476484825245777e+01 1.705872210923197940e+01 1.392838827718411920e+01 1.161895003862225018e+01 9.746794344808963118e+00 9.746794344808963118e+00 1.126942766958464404e+01 8.485281374238569541e+00 1.148912529307605723e+01 5.830951894845300743e+00 1.509966887054149964e+01 1.913112646970899178e+01 2.174856317093154701e+01 8.426149773176359048e+00 8.831760866327847737e+00 8.717797887081347952e+00
2.206807649071390998e+01 2.479919353527449033e+01 2.501999200639360765e+01 1.889444362769118513e+01 2.853068523537421086e+01 2.039607805437113797e+01 2.685144316419510346e+01 1.438749456993815912e+01 1.819340539866025352e+01 3.069201850644561347e+01 2.306512518934159317e+01 2.893095228297886479e+01 2.349468024894146012e+01 2.278157149978903462e+01 2.807133769523639799e+01 2.503996805109782997e+01 2.559296778413945361e+01 1.860107523773827509e+01 2.420743687382040932e+01 2.310844001658268709e+01 2.769476484825245777e+01 0.000000000000000000e+00 2.723967694375247106e+01 2.066397831977182520e+01 3.171750305430741079e+01 2.525866188063017859e+01 2.416609194718914466e+01 2.353720459187963954e+01 2.559296778413945361e+01 2.582634314028991440e+01 2.590366769397723701e+01 2.188606862823928978e+01 2.402082429892862692e+01 3.193743884534262278e+01 2.437211521390788249e+01 2.459674775249768786e+01 2.535744466621193283e+01
1.868154169226940553e+01 1.459451951932642366e+01 1.414213562373095101e+01 2.007485989988473207e+01 1.959591794226542305e+01 1.200000000000000000e+01 1.220655561573370207e+01 1.905255888325764957e+01 2.574878637916746627e+01 1.600000000000000000e+01 1.777638883463117736e+01 2.229349680960795510e+01 1.476482306023340030e+01 2.765863337187866122e+01 1.371130920080208782e+01 1.664331697709323876e+01 1.936491673103708422e+01 1.760681686165900928e+01 1.994993734326000379e+01 1.661324772583614973e+01 1.705872210923197940e+01 2.723967694375247106e+01 0.000000000000000000e+00 1.360147050873544394e+01 1.939071942966531736e+01 1.913112646970899178e+01 1.697056274847713908e+01 2.107130750570547661e+01 1.894729532149641571e+01 1.545962483374030683e+01 1.670329308849006722e+01 2.389560629069704234e+01 1.634013463836819113e+01 1.749285568453590045e+01 1.800000000000000000e+01 1.962141687034858251e+01 2.022374841615668473e+01
1.077032961426900748e+01 8.717797887081347952e+00 1.244989959798873258e+01 9.797958971132711525e+00 2.211334438749598164e+01 9.643650760992954929e+00 1.048808848170151542e+01 1.296148139681572076e+01 2.000000000000000000e+01 1.894729532149641571e+01 1.717556403731766679e+01 2.336664289109584658e+01 1.170469991071962568e+01 2.135415650406262245e+01 1.532970971675589134e+01 1.086278049120021549e+01 1.296148139681572076e+01 9.949874371066199430e+00 1.100000000000000000e+01 8.544003745317530374e+00 1.392838827718411920e+01 2.066397831977182520e+01 1.360147050873544394e+01 0.000000000000000000e+00 1.972308292331602075e+01 1.228820572744450779e+01 9.327379053088815652e+00 1.382027496108525355e+01 1.208304597359457233e+01 1.113552872566004304e+01 1.248999599679679662e+01 1.378404875209022151e+01 1.148912529307605723e+01 2.114237451186597383e+01 1.204159457879229578e+01 1.200000000000000000e+01 1.264911064067351809e+01
2.080865204668481283e+01 1.791647286716891685e+01 1.568438714135812262e+01 2.343074902771996193e+01 1.777638883463117736e+01 1.979898987322333070e+01 1.694107434609741603e+01 2.351595203260969313e+01 3.182766092567909766e+01 1.385640646055101755e+01 2.424871130596428159e+01 2.308679276123039159e+01 1.816590212458494946e+01 3.584689665786984136e+01 2.720294101747088789e+01 1.558845726811989607e+01 1.596871942267131139e+01 2.383275057562596899e+01 2.227105745132008607e+01 1.587450786638754430e+01 1.161895003862225018e+01 3.171750305430741079e+01 1.939071942966531736e+01 1.972308292331602075e+01 0.000000000000000000e+00 1.600000000000000000e+01 1.697056274847713908e+01 1.886796226411320632e+01 1.596871942267131139e+01 1.577973383805949936e+01 1.330413469565007034e+01 2.206807649071390998e+01 2.507987240796890660e+01 2.107130750570547661e+01 1.311487704860400072e+01 1.621727474022685556e+01 1.627882059609970611e+01
9.949874371066199430e+00 1.260952021291849157e+01 1.428285685708570085e+01 1.260952021291849157e+01 2.477902338672773297e+01 1.673320053068151125e+01 1.322875655532295269e+01 1.646207763315432970e+01 2.718455443813637373e+01 2.019900987672415482e+01 2.379075450674063674e+01 2.826658805020514009e+01 1.667333200053306541e+01 2.998332870112989923e+01 2.473863375370596174e+01 8.660254037844387298e+00 7.141428428542850426e+00 1.496662954709576532e+01 1.039230484541326405e+01 1.000000000000000000e+01 9.746794344808963118e+00 2.525866188063017859e+01 1.913112646970899178e+01 1.228820572744450779e+01 1.600000000000000000e+01 0.000000000000000000e+00 8.000000000000000000e+00 9.165151389911679658e+00 6.403124237432848531e+00 1.244989959798873258e+01 8.185352771872450361e+00 9.643650760992954929e+00 1.889444362769118513e+01 2.641968962724581260e+01 6.782329983125268136e+00 5.567764362830021518e+00 5.744562646538028616e+00
1.053565375285273831e+01 1.034408043278860134e+01 1.319090595827291956e+01 1.126942766958464404e+01 2.374868417407583365e+01 1.449137674618943805e+01 1.135781669160054719e+01 1.565247584249852864e+01 2.355843797877949441e+01 1.749285568453590045e+01 1.994993734326000379e+01 2.551470164434614674e+01 1.240967364599085698e+01 2.651414716712570296e+01 2.034698994937580352e+01 8.544003745317530374e+00 8.888194417315588680e+00 1.200000000000000000e+01 1.113552872566004304e+01 9.165151389911679658e+00 9.746794344808963118e+00 2.416609194718914466e+01 1.697056274847713908e+01 9.327379053088815652e+00 1.697056274847713908e+01 8.000000000000000000e+00 0.000000000000000000e+00 1.191637528781298450e+01 6.855654600401043908e+00 9.746794344808963118e+00 8.426149773176359048e+00 1.178982612255159523e+01 1.519868415357066382e+01 2.177154105707723986e+01 8.831760866327847737e+00 7.416198487095662983e+00 9.110433579144299188e+00
8.306623862918074863e+00 1.228820572744450779e+01 1.849324200890692893e+01 1.161895003862225018e+01 2.611512971440119202e+01 1.581138830084189628e+01 1.431782106327635340e+01 1.352774925846868292e+01 2.523885892824792521e+01 2.135415650406262245e+01 2.258317958127242875e+01 3.047950130825634218e+01 1.822086715828859838e+01 2.858321185591290359e+01 2.453568829277059393e+01 9.539392014169456147e+00 1.100000000000000000e+01 1.334166406412633421e+01 9.591663046625438227e+00 1.131370849898476116e+01 1.126942766958464404e+01 2.353720459187963954e+01 2.107130750570547661e+01 1.382027496108525355e+01 1.886796226411320632e+01 9.165151389911679658e+00 1.191637528781298450e+01 0.000000000000000000e+00 1.004987562112088995e+01 1.596871942267131139e+01 1.024695076595959797e+01 8.306623862918074863e+00 1.757839583124694727e+01 2.810693864511039308e+01 9.899494936611665352e+00 7.937253933193772149e+00 7.681145747868607820e+00
1.019803902718556898e+01 1.183215956619923226e+01 1.506651917331936374e+01 1.385640646055101755e+01 2.451530134426252516e+01 1.584297951775485913e+01 1.157583690279022548e+01 1.697056274847713908e+01 2.698147512646408330e+01 1.835755975068581947e+01 2.330236039546208815e+01 2.731300056749532601e+01 1.596871942267131139e+01 3.033150177620620269e+01 2.376972864800942631e+01 7.483314773547882659e+00 6.480740698407860378e+00 1.513274595042155646e+01 1.161895003862225018e+01 1.004987562112088995e+01 8.485281374238569541e+00 2.559296778413945361e+01 1.894729532149641571e+01 1.208304597359457233e+01 1.596871942267131139e+01 6.403124237432848531e+00 6.855654600401043908e+00 1.004987562112088995e+01 0.000000000000000000e+00 1.183215956619923226e+01 8.246211251235321171e+00 1.191637528781298450e+01 1.843908891458577415e+01 2.491987158875422281e+01 8.660254037844387298e+00 6.633249580710799620e+00 6.480740698407860378e+00
1.469693845669906906e+01 1.140175425099137918e+01 9.746794344808963118e+00 1.503329637837290811e+01 1.889444362769118513e+01 1.431782106327635340e+01 1.248999599679679662e+01 1.777638883463117736e+01 2.284731931759172596e+01 1.493318452306807842e+01 1.734935157289747210e+01 1.944222209522358114e+01 1.118033988749894903e+01 2.517935662402834396e+01 1.868154169226940553e+01 1.216552506059643868e+01 1.248999599679679662e+01 1.493318452306807842e+01 1.596871942267131139e+01 1.053565375285273831e+01 1.148912529307605723e+01 2.582634314028991440e+01 1.545962483374030683e+01 1.113552872566004304e+01 1.577973383805949936e+01 1.244989959798873258e+01 9.746794344808963118e+00 1.596871942267131139e+01 1.183215956619923226e+01 0.000000000000000000e+00 1.248999599679679662e+01 1.691153452528776313e+01 1.691153452528776313e+01 1.791647286716891685e+01 1.034408043278860134e+01 1.341640786499873883e+01 1.356465996625053627e+01
1.113552872566004304e+01 1.191637528781298450e+01 1.424780684877500647e+01 1.400000000000000000e+01 2.224859546128698895e+01 1.466287829861517977e+01 9.695359714832658682e+00 1.555634918610404505e+01 2.607680962081059661e+01 1.500000000000000000e+01 2.046948949045872013e+01 2.649528259898353966e+01 1.438749456993815912e+01 2.993325909419153064e+01 2.202271554554523902e+01 7.483314773547882659e+00 9.797958971132711525e+00 1.389244398944980396e+01 1.268857754044952024e+01 1.024695076595959797e+01 5.830951894845300743e+00 2.590366769397723701e+01 1.670329308849006722e+01 1.248999599679679662e+01 1.330413469565007034e+01 8.185352771872450361e+00 8.426149773176359048e+00 1.024695076595959797e+01 8.246211251235321171e+00 1.248999599679679662e+01 0.000000000000000000e+00 1.272792206135785520e+01 1.766352173265569547e+01 2.264950330581224947e+01 7.549834435270749822e+00 6.928203230275508773e+00 8.000000000000000000e+00
9.486832980505138124e+00 1.462873883832779320e+01 1.957038579078092511e+01 8.366600265340755627e+00 2.886173937932362321e+01 1.889444362769118513e+01 1.749285568453590045e+01 1.469693845669906906e+01 2.453568829277059393e+01 2.523885892824792521e+01 2.431049156228643682e+01 3.174901573277508859e+01 1.951922129594313660e+01 2.660826939130014068e+01 2.655183609470350703e+01 1.174734012447073006e+01 1.272792206135785520e+01 1.307669683062202104e+01 8.306623862918074863e+00 1.153256259467079659e+01 1.509966887054149964e+01 2.188606862823928978e+01 2.389560629069704234e+01 1.378404875209022151e+01 2.206807649071390998e+01 9.643650760992954929e+00 1.178982612255159523e+01 8.306623862918074863e+00 1.191637528781298450e+01 1.691153452528776313e+01 1.272792206135785520e+01 0.000000000000000000e+00 1.897366596101027625e+01 3.038091506192662550e+01 1.144552314225959755e+01 8.602325267042626677e+00 8.717797887081347952e+00
1.435270009440732331e+01 1.122497216032182443e+01 1.931320791582796659e+01 1.356465996625053627e+01 2.794637722496424104e+01 1.260952021291849157e+01 1.428285685708570085e+01 1.743559577416269590e+01 1.805547008526778896e+01 2.165640782770771366e+01 1.640121946685672683e+01 2.753179979587240922e+01 1.389244398944980396e+01 2.034698994937580352e+01 1.244989959798873258e+01 1.568438714135812262e+01 1.870828693386970798e+01 1.204159457879229578e+01 1.506651917331936374e+01 1.459451951932642366e+01 1.913112646970899178e+01 2.402082429892862692e+01 1.634013463836819113e+01 1.148912529307605723e+01 2.507987240796890660e+01 1.889444362769118513e+01 1.519868415357066382e+01 1.757839583124694727e+01 1.843908891458577415e+01 1.691153452528776313e+01 1.766352173265569547e+01 1.897366596101027625e+01 0.000000000000000000e+00 2.095232683975696375e+01 1.835755975068581947e+01 1.777638883463117736e+01 1.881488772222677852e+01
2.617250465660480074e+01 2.012461179749810825e+01 1.860107523773827509e+01 2.617250465660480074e+01 1.923538406167134340e+01 1.881488772222677852e+01 2.042057785666213832e+01 2.613426869074395853e+01 2.426932219902319332e+01 1.489966442575133954e+01 1.587450786638754430e+01 1.652271164185830443e+01 1.489966442575133954e+01 2.872281323269014308e+01 1.743559577416269590e+01 2.372762103540934575e+01 2.531797780234432693e+01 2.345207879911714954e+01 2.856571371417140170e+01 2.213594362117865444e+01 2.174856317093154701e+01 3.193743884534262278e+01 1.749285568453590045e+01 2.114237451186597383e+01 2.107130750570547661e+01 2.641968962724581260e+01 2.177154105707723986e+01 2.810693864511039308e+01 2.491987158875422281e+01 1.791647286716891685e+01 2.264950330581224947e+01 3.038091506192662550e+01 2.095232683975696375e+01 0.000000000000000000e+00 2.297825058615211447e+01 2.613426869074395853e+01 2.700000000000000000e+01
1.170469991071962568e+01 1.244989959798873258e+01 1.140175425099137918e+01 1.307669683062202104e+01 2.068816086557720269e+01 1.562049935181330795e+01 1.276714533480370406e+01 1.513274595042155646e+01 2.455605831561734931e+01 1.685229954635271810e+01 2.029778313018443825e+01 2.435159132377184221e+01 1.392838827718411920e+01 2.816025568065744622e+01 2.323790007724450035e+01 9.110433579144299188e+00 8.426149773176359048e+00 1.428285685708570085e+01 1.311487704860400072e+01 8.944271909999159220e+00 8.426149773176359048e+00 2.437211521390788249e+01 1.800000000000000000e+01 1.204159457879229578e+01 1.311487704860400072e+01 6.782329983125268136e+00 8.831760866327847737e+00 9.899494936611665352e+00 8.660254037844387298e+00 1.034408043278860134e+01 7.549834435270749822e+00 1.144552314225959755e+01 1.835755975068581947e+01 2.297825058615211447e+01 0.000000000000000000e+00 7.681145747868607820e+00 8.426149773176359048e+00
9.273618495495703939e+00 1.191637528781298450e+01 1.627882059609970611e+01 1.166190378969060149e+01 2.519920633670830412e+01 1.615549442140351033e+01 1.256980508997653523e+01 1.549193338482966809e+01 2.641968962724581260e+01 1.962141687034858251e+01 2.317326045251293465e+01 2.908607914449797249e+01 1.652271164185830443e+01 2.939387691339813813e+01 2.418677324489564739e+01 6.928203230275508773e+00 7.874007874011811126e+00 1.403566884761819900e+01 9.643650760992954929e+00 8.888194417315588680e+00 8.831760866327847737e+00 2.459674775249768786e+01 1.962141687034858251e+01 1.200000000000000000e+01 1.621727474022685556e+01 5.567764362830021518e+00 7.416198487095662983e+00 7.937253933193772149e+00 6.633249580710799620e+00 1.341640786499873883e+01 6.928203230275508773e+00 8.602325267042626677e+00 1.777638883463117736e+01 2.613426869074395853e+01 7.681145747868607820e+00 0.000000000000000000e+00 4.898979485566355763e+00
8.246211251235321171e+00 1.140175425099137918e+01 1.676305461424021104e+01 1.216552506059643868e+01 2.551470164434614674e+01 1.621727474022685556e+01 1.248999599679679662e+01 1.630950643030008962e+01 2.742261840160417563e+01 2.042057785666213832e+01 2.410394158638790074e+01 2.918903903865284732e+01 1.763519208854839704e+01 3.019933774108299929e+01 2.471841418861654915e+01 7.745966692414834043e+00 8.485281374238569541e+00 1.506651917331936374e+01 9.219544457292887074e+00 9.000000000000000000e+00 8.717797887081347952e+00 2.535744466621193283e+01 2.022374841615668473e+01 1.264911064067351809e+01 1.627882059609970611e+01 5.744562646538028616e+00 9.110433579144299188e+00 7.681145747868607820e+00 6.480740698407860378e+00 1.356465996625053627e+01 8.000000000000000000e+00 8.717797887081347952e+00 1.881488772222677852e+01 2.700000000000000000e+01 8.426149773176359048e+00 4.898979485566355763e+00 0.000000000000000000e+00
