0 4.53777 8.94114 3.82563 12.3249 7.12876 6.02942 5.12862 9.39438 9.95569 10.4235 16.2627 9.767 9.30581 9.35628 3.58955 6.21441 4.37049 3.55893 5.31488 5.65355 9.46368 11.194 5.02941 9.42576 5.59377 4.59412 3.96177 5.04026 8.10615 5.57892 3.98233 5.78801 12.9063 6.92566 4.89198 4.42186
4.53777 0 7.9837 7.01966 11.3508 4.83389 4.1929 8.39456 10.4313 9.03365 9.47477 13.599 7.74521 11.5023 7.60397 4.7478 5.98599 7.55211 5.60855 4.10595 4.78361 13.3523 9.35162 4.11885 8.31068 5.67797 4.73106 6.06308 4.77787 5.90268 4.74022 7.10994 5.81173 10.8641 5.98027 4.892 4.00964
8.94114 7.9837 0 8.67699 7.50006 9.2537 8.18025 8.87619 12.7123 9.26489 10.1568 10.5876 7.4601 13.1456 10.3108 7.7928 8.18374 7.98187 9.62294 7.56909 7.39357 14.7511 8.77754 6.76984 7.98864 7.96595 6.30984 9.42139 7.87854 5.74034 7.22692 10.2601 10.8817 9.77172 5.82788 9.00086 9.52099
3.82563 7.01966 8.67699 0 13.4578 8.26394 8.18319 5.66902 8.63124 11.2404 9.06069 16.5125 8.49103 7.21517 8.03472 5.81363 8.18026 2.78206 2.47641 5.4462 8.35888 7.72288 11.7377 5.67374 11.0833 6.90421 6.13126 4.36253 7.86487 7.65077 7.11493 3.32158 5.88527 12.6638 6.61577 5.80658 6.44831
12.3249 11.3508 7.50006 13.4578 0 10.849 11.7123 10.4692 15.2582 8.49369 11.9229 6.72662 11.1614 15.8163 13.8866 12.3164 12.0254 12.751 14.2092 10.526 10.3609 15.2745 11.6609 10.5565 8.10406 12.2734 11.1445 13.5581 11.5707 8.72171 12.1166 14.6027 15.6353 9.52087 10.4305 13.3945 12.9671
7.12876 4.83389 9.2537 8.26394 10.849 0 5.66315 7.40656 8.37359 8.22969 7.66714 11.6928 6.04474 12.5122 5.80631 8.10056 9.44236 7.71107 9.01092 6.78299 7.22262 11.4574 7.57318 4.26152 10.5811 9.07257 7.87231 8.43223 8.44453 8.71849 7.98713 9.41443 6.92336 10.9765 8.31947 8.26118 7.95714
6.02942 4.1929 8.18025 8.18319 11.7123 5.66315 0 8.40815 11.0525 6.21439 7.64223 14.0104 5.93489 13.6654 6.6587 3.97053 6.7237 7.68019 5.81099 4.67354 3.99499 14.043 6.41525 5.32131 7.84027 5.85635 5.80483 6.19886 5.41014 6.34983 3.82691 8.27228 6.30574 10.1551 6.08785 5.06367 4.69587
5.12862 8.39456 8.87619 5.66902 10.4692 7.40656 8.40815 0 7.81619 10.3876 8.35996 14.7349 9.50247 9.2426 9.3204 6.97953 10.3629 4.91439 6.83923 8.75708 8.59756 6.67399 10.7232 7.00049 12.3261 9.15825 7.19016 5.60967 9.09726 9.88683 7.14746 6.56267 7.09856 14.8708 7.64481 8.02412 8.6933
9.39438 10.4313 12.7123 8.63124 15.2582 8.37359 11.0525 7.81619 0 13.8421 6.69176 12.9909 9.41004 6.54014 10.1713 11.6894 14.3335 6.78717 10.5491 12.1363 13.2057 8.75608 13.9794 9.46113 16.7469 13.9431 12.3002 10.2736 13.504 12.6821 12.3895 11.1228 7.4318 13.2626 12.8546 12.8991 13.2897
9.95569 9.03365 9.26489 11.2404 8.49369 8.22969 6.21439 10.3876 13.8421 0 8.7542 11.4498 6.69423 16.5408 8.97311 7.94541 9.94404 10.5934 10.99 8.46381 6.5987 15.6976 9.47438 8.63666 7.09504 10.1476 7.63307 9.36794 8.70344 7.65652 7.72312 10.5691 9.95354 6.85041 8.08242 8.95003 9.32409
10.4235 9.47477 10.1568 9.06069 11.9229 7.66714 7.64223 8.35996 6.69176 8.7542 0 10.1136 6.74066 9.34356 6.54494 9.37035 13.6115 7.29893 11.1045 9.82209 9.91216 12.0626 9.33811 8.21801 12.5062 12.3593 10.6649 10.9383 12.3412 10.2364 9.82336 11.79 8.12255 8.00258 10.2732 11.2354 12.0107
16.2627 13.599 10.5876 16.5125 6.72662 11.6928 14.0104 14.7349 12.9909 11.4498 10.1136 0 11.3374 15.8046 13.993 16.3449 15.518 14.741 18.3504 14.2061 14.4863 16.8151 12.9753 12.608 12.2249 16.3692 15.2155 17.8005 15.4986 11.504 16.1019 18.7302 15.2777 9.47149 14.6881 17.6283 16.7052
9.767 7.74521 7.4601 8.49103 11.1614 6.04474 5.93489 9.50247 9.41004 6.69423 6.74066 11.3374 0 12.9833 7.10895 7.49032 8.65586 7.78102 9.47824 7.32559 6.34173 12.3218 8.5431 6.46084 8.692 8.7041 5.89894 9.1306 7.49625 5.36618 7.0481 10.2782 7.46114 8.16628 6.29611 8.34707 9.16265
9.30581 11.5023 13.1456 7.21517 15.8163 12.5122 13.6654 9.2426 6.54014 16.5408 9.34356 15.8046 12.9833 0 9.79318 11.3015 14.4022 7.07343 9.01867 11.8153 13.7978 9.69158 15.3844 10.2085 17.5724 13.5009 11.7772 10.8817 13.2748 13.1829 12.7419 9.59527 9.19207 14.1806 13.2707 12.3187 12.9499
9.35628 7.60397 10.3108 8.03472 13.8866 5.80631 6.6587 9.3204 10.1713 8.97311 6.54494 13.993 7.10895 9.79318 0 9.5307 11.9149 7.39468 10.1219 8.94723 8.85018 14.2718 7.40609 6.14296 12.6164 10.4772 8.85115 10.0633 10.4767 9.2763 8.86766 10.8101 6.49526 9.37229 9.43865 9.56939 10.0196
3.58955 4.7478 7.7928 5.81363 12.3164 8.10056 3.97053 6.97953 11.6894 7.94541 9.37035 16.3449 7.49032 11.3015 9.5307 0 4.64223 6.28356 3.61212 4.2495 3.39266 11.6472 8.96204 5.67049 6.73702 3.78705 3.4198 4.01732 3.51565 6.36047 2.41854 5.31832 6.59729 11.7669 4.6469 2.65206 3.15906
6.21441 5.98599 8.18374 8.18026 12.0254 9.44236 6.7237 10.3629 14.3335 9.94404 13.6115 15.518 8.65586 14.4022 11.9149 4.64223 0 9.67064 5.87555 5.90027 4.33835 13.4139 10.4211 6.539 5.68522 1.83116 3.75079 5.16505 2.09892 6.24759 4.85948 6.41092 9.80521 12.8078 3.92001 2.75914 2.80728
4.37049 7.55211 7.98187 2.78206 12.751 7.71107 7.68019 4.91439 6.78717 10.5934 7.29893 14.741 7.78102 7.07343 7.39468 6.28356 9.67064 0 5.02383 6.95595 8.86728 8.91039 10.9355 6.12256 12.6297 8.36622 6.40622 5.91042 8.41086 8.15041 7.17344 5.70665 5.29738 12.1075 7.87485 7.22649 8.01473
3.55893 5.60855 9.62294 2.47641 14.2092 9.01092 5.81099 6.83923 10.5491 10.99 11.1045 18.3504 9.47824 9.01867 10.1219 3.61212 5.87555 5.02383 0 5.03824 6.02221 9.50132 10.8113 6.42462 8.70015 4.72843 5.22952 2.94974 5.52161 8.35531 5.24872 3.00335 5.85969 13.7028 6.66914 3.77487 4.08693
5.31488 4.10595 7.56909 5.4462 10.526 6.78299 4.67354 8.75708 12.1363 8.46381 9.82209 14.2061 7.32559 11.8153 8.94723 4.2495 5.90027 6.95595 5.03824 0 5.22515 12.4137 10.692 4.38492 8.08419 5.20991 5.06594 5.50408 5.45144 5.68384 5.06785 5.49127 8.32618 12.2928 4.45741 4.35388 3.78848
5.65355 4.78361 7.39357 8.35888 10.3609 7.22262 3.99499 8.59756 13.2057 6.5987 9.91216 14.4863 6.34173 13.7978 8.85018 3.39266 4.33835 8.86728 6.02221 5.22515 0 14.2323 8.62681 6.69939 4.25456 4.33963 4.03142 4.65658 3.04497 5.93014 2.06353 6.54588 8.64897 10.4568 4.44231 3.56112 3.32861
9.46368 13.3523 14.7511 7.72288 15.2745 11.4574 14.043 6.67399 8.75608 15.6976 12.0626 16.8151 12.3218 9.69158 14.2718 11.6472 13.4139 8.91039 9.50132 12.4137 14.2323 0 16.8199 11.426 16.6447 12.903 12.2011 10.2692 13.4832 14.4798 13.3141 9.13546 11.368 18.5147 12.7712 11.8791 12.3508
11.194 9.35162 8.77754 11.7377 11.6609 7.57318 6.41525 10.7232 13.9794 9.47438 9.33811 12.9753 8.5431 15.3844 7.40609 8.96204 10.4211 10.9355 10.8113 10.692 8.62681 16.8199 0 7.96771 10.2629 9.05484 9.22826 11.5579 10.1773 8.93622 8.11034 13.4587 9.01346 9.03077 8.69092 10.027 10.7312
5.02941 4.11885 6.76984 5.67374 10.5565 4.26152 5.32131 7.00049 9.46113 8.63666 8.21801 12.608 6.46084 10.2085 6.14296 5.67049 6.539 6.12256 6.42462 4.38492 6.69939 11.426 7.96771 0 9.40173 5.57439 4.30975 6.96042 5.1461 6.1942 6.40102 6.87091 6.56005 10.6297 5.69725 5.75625 5.49558
9.42576 8.31068 7.98864 11.0833 8.10406 10.5811 7.84027 12.3261 16.7469 7.09504 12.5062 12.2249 8.692 17.5724 12.6164 6.73702 5.68522 12.6297 8.70015 8.08419 4.25456 16.6447 10.2629 9.40173 0 5.7916 6.71619 7.11228 5.14768 8.4656 5.73596 9.37985 12.0001 8.96636 5.96347 5.98973 5.91721
5.59377 5.67797 7.96595 6.90421 12.2734 9.07257 5.85635 9.15825 13.9431 10.1476 12.3593 16.3692 8.7041 13.5009 10.4772 3.78705 1.83116 8.36622 4.72843 5.20991 4.33963 12.903 9.05484 5.57439 5.7916 0 3.52645 4.13857 2.39869 6.25796 3.49037 5.22939 8.93738 12.8631 2.76817 1.78316 2.04253
4.59412 4.73106 6.30984 6.13126 11.1445 7.87231 5.80483 7.19016 12.3002 7.63307 10.6649 15.2155 5.89894 11.7772 8.85115 3.4198 3.75079 6.40622 5.22952 5.06594 4.03142 12.2011 9.22826 4.30975 6.71619 3.52645 0 6.0148 2.54657 5.26544 3.65341 5.9655 7.27449 10.199 4.10362 3.3418 4.09318
3.96177 6.06308 9.42139 4.36253 13.5581 8.43223 6.19886 5.60967 10.2736 9.36794 10.9383 17.8005 9.1306 10.8817 10.0633 4.01732 5.16505 5.91042 2.94974 5.50408 4.65658 10.2692 11.5579 6.96042 7.11228 4.13857 6.0148 0 4.80783 7.69785 4.0321 2.7565 6.28278 14.2858 4.27273 3.25521 3.40041
5.04026 4.77787 7.87854 7.86487 11.5707 8.44453 5.41014 9.09726 13.504 8.70344 12.3412 15.4986 7.49625 13.2748 10.4767 3.51565 2.09892 8.41086 5.52161 5.45144 3.04497 13.4832 10.1773 5.1461 5.14768 2.39869 2.54657 4.80783 0 5.73056 3.60719 6.02771 8.65833 11.6576 4.67096 2.52829 2.23994
8.10615 5.90268 5.74034 7.65077 8.72171 8.71849 6.34983 9.88683 12.6821 7.65652 10.2364 11.504 5.36618 13.1829 9.2763 6.36047 6.24759 8.15041 8.35531 5.68384 5.93014 14.4798 8.93622 6.1942 8.4656 6.25796 5.26544 7.69785 5.73056 0 6.28814 8.89902 8.76343 9.56229 4.49782 7.37419 7.15281
5.57892 4.74022 7.22692 7.11493 12.1166 7.98713 3.82691 7.14746 12.3895 7.72312 9.82336 16.1019 7.0481 12.7419 8.86766 2.41854 4.85948 7.17344 5.24872 5.06785 2.06353 13.3141 8.11034 6.40102 5.73596 3.49037 3.65341 4.0321 3.60719 6.28814 0 5.86249 7.56007 11.3499 3.11042 2.54315 3.14934
3.98233 7.10994 10.2601 3.32158 14.6027 9.41443 8.27228 6.56267 11.1228 10.5691 11.79 18.7302 10.2782 9.59527 10.8101 5.31832 6.41092 5.70665 3.00335 5.49127 6.54588 9.13546 13.4587 6.87091 9.37985 5.22939 5.9655 2.7565 6.02771 8.89902 5.86249 0 7.45558 15.4415 5.4808 4.46383 4.46979
5.78801 5.81173 10.8817 5.88527 15.6353 6.92336 6.30574 7.09856 7.4318 9.95354 8.12255 15.2777 7.46114 9.19207 6.49526 6.59729 9.80521 5.29738 5.85969 8.32618 8.64897 11.368 9.01346 6.56005 12.0001 8.93738 7.27449 6.28278 8.65833 8.76343 7.56007 7.45558 0 10.402 8.83711 7.69044 8.49778
12.9063 10.8641 9.77172 12.6638 9.52087 10.9765 10.1551 14.8708 13.2626 6.85041 8.00258 9.47149 8.16628 14.1806 9.37229 11.7669 12.8078 12.1075 13.7028 12.2928 10.4568 18.5147 9.03077 10.6297 8.96636 12.8631 10.199 14.2858 11.6576 9.56229 11.3499 15.4415 10.402 0 11.6899 12.7427 13.4012
6.92566 5.98027 5.82788 6.61577 10.4305 8.31947 6.08785 7.64481 12.8546 8.08242 10.2732 14.6881 6.29611 13.2707 9.43865 4.6469 3.92001 7.87485 6.66914 4.45741 4.44231 12.7712 8.69092 5.69725 5.96347 2.76817 4.10362 4.27273 4.67096 4.49782 3.11042 5.4808 8.83711 11.6899 0 3.53064 4.28714
4.89198 4.892 9.00086 5.80658 13.3945 8.26118 5.06367 8.02412 12.8991 8.95003 11.2354 17.6283 8.34707 12.3187 9.56939 2.65206 2.75914 7.22649 3.77487 4.35388 3.56112 11.8791 10.027 5.75625 5.98973 1.78316 3.3418 3.25521 2.52829 7.37419 2.54315 4.46383 7.69044 12.7427 3.53064 0 1.21131
4.42186 4.00964 9.52099 6.44831 12.9671 7.95714 4.69587 8.6933 13.2897 9.32409 12.0107 16.7052 9.16265 12.9499 10.0196 3.15906 2.80728 8.01473 4.08693 3.78848 3.32861 12.3508 10.7312 5.49558 5.91721 2.04253 4.09318 3.40041 2.23994 7.15281 3.14934 4.46979 8.49778 13.4012 4.28714 1.21131 0
