0 0.141336 0.0831215 0.165725 0.0674602 0.0962157 0.100808 0.166356 0.103785 0.0842223 0.0803716 0.045549 0.0706445 0.119578 0.0830194 0.179609 0.0986542 0.168352 0.169405 0.127693 0.119058 0.103744 0.0558176 0.127777 0.0791796 0.100659 0.14266 0.155055 0.122226 0.0753876 0.114117 0.16702 0.133763 0.0652356 0.0859511 0.123828 0.13563
0.141336 0 0.0889508 0.0935454 0.0695833 0.156622 0.165146 0.0969121 0.0852339 0.091963 0.0868652 0.0557621 0.0920541 0.0755727 0.108792 0.14419 0.115832 0.0899684 0.113711 0.163805 0.148899 0.0620841 0.0711132 0.16 0.0907873 0.124632 0.146325 0.114322 0.1509 0.107243 0.161044 0.102214 0.119612 0.0712589 0.11724 0.156313 0.178967
0.0831215 0.0889508 0 0.0824588 0.102202 0.0726854 0.0835168 0.0832729 0.0603312 0.0729544 0.0669938 0.0705038 0.0884649 0.0608739 0.0671966 0.0833185 0.0810544 0.0911817 0.0727485 0.088614 0.0919002 0.0482518 0.0665017 0.0969219 0.0883947 0.0792311 0.107285 0.0749911 0.0896064 0.106154 0.0925987 0.0686879 0.064132 0.0784422 0.10463 0.0728391 0.0709563
0.165725 0.0935454 0.0824588 0 0.0588086 0.0875715 0.0896031 0.126501 0.103595 0.0741001 0.0884474 0.0443737 0.0860036 0.136381 0.103912 0.112898 0.0779788 0.233774 0.244497 0.123989 0.0842533 0.127157 0.0520927 0.105005 0.0715971 0.0896702 0.0968044 0.171033 0.0830441 0.085385 0.0934174 0.195075 0.131044 0.0659225 0.0968614 0.11188 0.104525
0.0674602 0.0695833 0.102202 0.0588086 0 0.0652679 0.0622851 0.0730547 0.0507811 0.0886738 0.0587868 0.107724 0.0693104 0.0524966 0.0522825 0.0621522 0.0684679 0.0591042 0.0574197 0.0753712 0.0715918 0.0508816 0.058861 0.0759073 0.094538 0.0659129 0.0753728 0.0548804 0.0704469 0.0943014 0.0613698 0.0548361 0.0478223 0.092671 0.0765957 0.055314 0.0580806
0.0962157 0.156622 0.0726854 0.0875715 0.0652679 0 0.116404 0.0943971 0.105394 0.100489 0.102928 0.0686965 0.124307 0.0643694 0.143694 0.0895339 0.0767474 0.0944913 0.0785343 0.117167 0.101658 0.0689963 0.0864828 0.167002 0.0663831 0.0820761 0.0966952 0.0862284 0.0868491 0.0759451 0.0981056 0.0836104 0.100024 0.0664772 0.092195 0.101062 0.103173
0.100808 0.165146 0.0835168 0.0896031 0.0622851 0.116404 0 0.090602 0.077242 0.125332 0.113318 0.0539683 0.12418 0.0605964 0.114537 0.165383 0.102323 0.0920014 0.126022 0.157083 0.168669 0.0585031 0.101354 0.119206 0.0946999 0.120047 0.1121 0.118353 0.125897 0.106854 0.195107 0.0878164 0.118212 0.0789452 0.118458 0.150106 0.15854
0.166356 0.0969121 0.0832729 0.126501 0.0730547 0.0943971 0.090602 0 0.117496 0.0841949 0.0965818 0.0493518 0.0716486 0.103399 0.0838144 0.111102 0.0636814 0.137169 0.115518 0.0850968 0.087053 0.12532 0.0583847 0.0999768 0.060798 0.069717 0.101956 0.140031 0.0790063 0.068909 0.102755 0.124022 0.129688 0.0518472 0.0852508 0.0857084 0.0835296
0.103785 0.0852339 0.0603312 0.103595 0.0507811 0.105394 0.077242 0.117496 0 0.0593497 0.113339 0.0632983 0.0802338 0.122111 0.0769078 0.0723315 0.0525062 0.132427 0.0878222 0.0662322 0.0611272 0.108579 0.0484679 0.0823643 0.0475251 0.0528191 0.060589 0.0965896 0.0578012 0.0552506 0.0688954 0.082887 0.133042 0.058889 0.0577549 0.0629276 0.0626089
0.0842223 0.091963 0.0729544 0.0741001 0.0886738 0.100489 0.125332 0.0841949 0.0593497 0 0.0903872 0.0629178 0.107763 0.0507884 0.098065 0.095842 0.0734641 0.0730749 0.0751023 0.0980089 0.107638 0.0554618 0.0709177 0.0970055 0.0892934 0.0720274 0.10559 0.0871048 0.0847074 0.0913127 0.0975057 0.0858843 0.0832427 0.116346 0.0938842 0.0897069 0.0879541
0.0803716 0.0868652 0.0669938 0.0884474 0.0587868 0.102928 0.113318 0.0965818 0.113339 0.0903872 0 0.0772538 0.0952331 0.0884581 0.113744 0.0942969 0.0531363 0.103658 0.073354 0.0873663 0.0799804 0.070498 0.0725918 0.0986325 0.0631293 0.05972 0.0658585 0.0742102 0.0615055 0.06467 0.0851089 0.0701026 0.0959057 0.0960668 0.0723064 0.0735042 0.0712536
0.045549 0.0557621 0.0705038 0.0443737 0.107724 0.0686965 0.0539683 0.0493518 0.0632983 0.0629178 0.0772538 0 0.0646006 0.0477398 0.052412 0.0450444 0.0508131 0.0500633 0.0408455 0.0497646 0.0498149 0.0461514 0.054282 0.0613955 0.0683332 0.047743 0.0479538 0.0416642 0.047709 0.05932 0.0447017 0.0393212 0.0523019 0.0790447 0.0514019 0.0422322 0.043589
0.0706445 0.0920541 0.0884649 0.0860036 0.0693104 0.124307 0.12418 0.0716486 0.0802338 0.107763 0.0952331 0.0646006 0 0.0572192 0.106293 0.0934623 0.0897002 0.091144 0.0788606 0.106294 0.126781 0.0639904 0.0776455 0.110292 0.0890307 0.0833852 0.12308 0.0803785 0.105778 0.124879 0.104579 0.0739823 0.0940616 0.0850682 0.116458 0.0861371 0.0824756
0.119578 0.0755727 0.0608739 0.136381 0.0524966 0.0643694 0.0605964 0.103399 0.122111 0.0507884 0.0884581 0.0477398 0.0572192 0 0.0835475 0.083392 0.0546497 0.125118 0.114018 0.0703438 0.0669325 0.102247 0.0436394 0.0768471 0.0488398 0.0581363 0.0696341 0.0944984 0.0655983 0.0556181 0.0700449 0.108701 0.0984558 0.060337 0.056453 0.0707996 0.0692265
0.0830194 0.108792 0.0671966 0.103912 0.0522825 0.143694 0.114537 0.0838144 0.0769078 0.098065 0.113744 0.052412 0.106293 0.0835475 0 0.0827334 0.0671054 0.0999434 0.0740667 0.095049 0.0943612 0.0589341 0.0878077 0.132411 0.0615462 0.0774375 0.0872142 0.0808935 0.0791679 0.0764616 0.094401 0.0777796 0.108541 0.0774338 0.0849465 0.0957458 0.0950506
0.179609 0.14419 0.0833185 0.112898 0.0621522 0.0895339 0.165383 0.111102 0.0723315 0.095842 0.0942969 0.0450444 0.0934623 0.083392 0.0827334 0 0.129671 0.115519 0.171515 0.151156 0.180588 0.0762749 0.0730323 0.116155 0.107743 0.153502 0.17338 0.153454 0.166812 0.099402 0.234062 0.121711 0.113284 0.0685898 0.122668 0.212837 0.186907
0.0986542 0.115832 0.0810544 0.0779788 0.0684679 0.0767474 0.102323 0.0636814 0.0525062 0.0734641 0.0531363 0.0508131 0.0897002 0.0546497 0.0671054 0.129671 0 0.0704255 0.111289 0.112098 0.150632 0.0568682 0.0744649 0.107078 0.147323 0.309952 0.177084 0.12298 0.26605 0.105747 0.130025 0.0950078 0.0734699 0.0641598 0.158397 0.217503 0.208604
0.168352 0.0899684 0.0911817 0.233774 0.0591042 0.0944913 0.0920014 0.137169 0.132427 0.0730749 0.103658 0.0500633 0.091144 0.125118 0.0999434 0.115519 0.0704255 0 0.14773 0.104698 0.079224 0.0998864 0.0546329 0.102875 0.0602205 0.0796881 0.10076 0.129128 0.0838161 0.0785003 0.0933547 0.129492 0.152474 0.0674748 0.0793922 0.0999082 0.0927109
0.169405 0.113711 0.0727485 0.244497 0.0574197 0.0785343 0.126022 0.115518 0.0878222 0.0751023 0.073354 0.0408455 0.0788606 0.114018 0.0740667 0.171515 0.111289 0.14773 0 0.12931 0.12266 0.109065 0.0615913 0.0898625 0.100817 0.126606 0.115277 0.226911 0.117378 0.079484 0.129456 0.203805 0.139681 0.0617836 0.0938192 0.166004 0.151511
0.127693 0.163805 0.088614 0.123989 0.0753712 0.117167 0.157083 0.0850968 0.0662322 0.0980089 0.0873663 0.0497646 0.106294 0.0703438 0.095049 0.151156 0.112098 0.104698 0.12931 0 0.131842 0.0703943 0.0623308 0.147191 0.0905935 0.128131 0.124989 0.121085 0.122098 0.111625 0.133852 0.118522 0.0845169 0.0627561 0.144236 0.162343 0.180003
0.119058 0.148899 0.0919002 0.0842533 0.0715918 0.101658 0.168669 0.087053 0.0611272 0.107638 0.0799804 0.0498149 0.126781 0.0669325 0.0943612 0.180588 0.150632 0.079224 0.12266 0.131842 0 0.0571642 0.079779 0.0983565 0.158661 0.141088 0.155125 0.140934 0.208458 0.110216 0.251949 0.111898 0.0890184 0.074788 0.130834 0.180686 0.18966
0.103744 0.0620841 0.0482518 0.127157 0.0508816 0.0689963 0.0585031 0.12532 0.108579 0.0554618 0.070498 0.0461514 0.0639904 0.102247 0.0589341 0.0762749 0.0568682 0.0998864 0.109065 0.0703943 0.0571642 0 0.0396529 0.064739 0.0501357 0.0591189 0.0647383 0.0953693 0.0570819 0.0473074 0.0605652 0.105116 0.0841936 0.042958 0.0581924 0.0704195 0.0685337
0.0558176 0.0711132 0.0665017 0.0520927 0.058861 0.0864828 0.101354 0.0583847 0.0484679 0.0709177 0.0725918 0.054282 0.0776455 0.0436394 0.0878077 0.0730323 0.0744649 0.0546329 0.0615913 0.0623308 0.079779 0.0396529 0 0.0830154 0.0681377 0.0872833 0.0720909 0.0563193 0.072158 0.0801833 0.0843381 0.0478404 0.0729629 0.0804948 0.0813118 0.0730229 0.0682053
0.127777 0.16 0.0969219 0.105005 0.0759073 0.167002 0.119206 0.0999768 0.0823643 0.0970055 0.0986325 0.0613955 0.110292 0.0768471 0.132411 0.116155 0.107078 0.102875 0.0898625 0.147191 0.0983565 0.064739 0.0830154 0 0.0766739 0.125353 0.169831 0.0908183 0.140605 0.104853 0.109804 0.0944762 0.0934092 0.0758264 0.122476 0.124734 0.127924
0.0791796 0.0907873 0.0883947 0.0715971 0.094538 0.0663831 0.0946999 0.060798 0.0475251 0.0892934 0.0631293 0.0683332 0.0890307 0.0488398 0.0615462 0.107743 0.147323 0.0602205 0.100817 0.0905935 0.158661 0.0501357 0.0681377 0.0766739 0 0.139085 0.117733 0.114394 0.165042 0.0799665 0.121799 0.0848229 0.0664526 0.0976468 0.113382 0.13662 0.131485
0.100659 0.124632 0.0792311 0.0896702 0.0659129 0.0820761 0.120047 0.069717 0.0528191 0.0720274 0.05972 0.047743 0.0833852 0.0581363 0.0774375 0.153502 0.309952 0.0796881 0.126606 0.128131 0.141088 0.0591189 0.0872833 0.125353 0.139085 0 0.172611 0.137262 0.23252 0.109508 0.166792 0.106999 0.0765682 0.0649621 0.206363 0.288569 0.251222
0.14266 0.146325 0.107285 0.0968044 0.0753728 0.0966952 0.1121 0.101956 0.060589 0.10559 0.0658585 0.0479538 0.12308 0.0696341 0.0872142 0.17338 0.177084 0.10076 0.115277 0.124989 0.155125 0.0647383 0.0720909 0.169831 0.117733 0.172611 0 0.102782 0.24668 0.118807 0.159651 0.104931 0.0936374 0.0820104 0.142634 0.179006 0.158079
0.155055 0.114322 0.0749911 0.171033 0.0548804 0.0862284 0.118353 0.140031 0.0965896 0.0871048 0.0742102 0.0416642 0.0803785 0.0944984 0.0808935 0.153454 0.12298 0.129128 0.226911 0.121085 0.140934 0.0953693 0.0563193 0.0908183 0.114394 0.137262 0.102782 0 0.127432 0.0887218 0.160456 0.224813 0.139343 0.056825 0.143602 0.181267 0.167232
0.122226 0.1509 0.0896064 0.0830441 0.0704469 0.0868491 0.125897 0.0790063 0.0578012 0.0847074 0.0615055 0.047709 0.105778 0.0655983 0.0791679 0.166812 0.26605 0.0838161 0.117378 0.122098 0.208458 0.0570819 0.072158 0.140605 0.165042 0.23252 0.24668 0.127432 0 0.111805 0.16975 0.104897 0.0833722 0.0762801 0.126553 0.225608 0.239987
0.0753876 0.107243 0.106154 0.085385 0.0943014 0.0759451 0.106854 0.068909 0.0552506 0.0913127 0.06467 0.05932 0.124879 0.0556181 0.0764616 0.099402 0.105747 0.0785003 0.079484 0.111625 0.110216 0.0473074 0.0801833 0.104853 0.0799665 0.109508 0.118807 0.0887218 0.111805 0 0.110121 0.0746326 0.0777778 0.0766657 0.152378 0.0869014 0.0871622
0.114117 0.161044 0.0925987 0.0934174 0.0613698 0.0981056 0.195107 0.102755 0.0688954 0.0975057 0.0851089 0.0447017 0.104579 0.0700449 0.094401 0.234062 0.130025 0.0933547 0.129456 0.133852 0.251949 0.0605652 0.0843381 0.109804 0.121799 0.166792 0.159651 0.160456 0.16975 0.110121 0 0.11225 0.105782 0.0709654 0.184675 0.235348 0.189936
0.16702 0.102214 0.0686879 0.195075 0.0548361 0.0836104 0.0878164 0.124022 0.082887 0.0858843 0.0701026 0.0393212 0.0739823 0.108701 0.0777796 0.121711 0.0950078 0.129492 0.203805 0.118522 0.111898 0.105116 0.0478404 0.0944762 0.0848229 0.106999 0.104931 0.224813 0.104897 0.0746326 0.11225 0 0.115362 0.053089 0.114285 0.129372 0.131085
0.133763 0.119612 0.064132 0.131044 0.0478223 0.100024 0.118212 0.129688 0.133042 0.0832427 0.0959057 0.0523019 0.0940616 0.0984558 0.108541 0.113284 0.0734699 0.152474 0.139681 0.0845169 0.0890184 0.0841936 0.0729629 0.0934092 0.0664526 0.0765682 0.0936374 0.139343 0.0833722 0.0777778 0.105782 0.115362 0 0.0761759 0.0787594 0.096528 0.0912624
0.0652356 0.0712589 0.0784422 0.0659225 0.092671 0.0664772 0.0789452 0.0518472 0.058889 0.116346 0.0960668 0.0790447 0.0850682 0.060337 0.0774338 0.0685898 0.0641598 0.0674748 0.0617836 0.0627561 0.074788 0.042958 0.0804948 0.0758264 0.0976468 0.0649621 0.0820104 0.056825 0.0762801 0.0766657 0.0709654 0.053089 0.0761759 0 0.0655209 0.0656465 0.0634458
0.0859511 0.11724 0.10463 0.0968614 0.0765957 0.092195 0.118458 0.0852508 0.0577549 0.0938842 0.0723064 0.0514019 0.116458 0.056453 0.0849465 0.122668 0.158397 0.0793922 0.0938192 0.144236 0.130834 0.0581924 0.0813118 0.122476 0.113382 0.206363 0.142634 0.143602 0.126553 0.152378 0.184675 0.114285 0.0787594 0.0655209 0 0.160628 0.137502
0.123828 0.156313 0.0728391 0.11188 0.055314 0.101062 0.150106 0.0857084 0.0629276 0.0897069 0.0735042 0.0422322 0.0861371 0.0707996 0.0957458 0.212837 0.217503 0.0999082 0.166004 0.162343 0.180686 0.0704195 0.0730229 0.124734 0.13662 0.288569 0.179006 0.181267 0.225608 0.0869014 0.235348 0.129372 0.096528 0.0656465 0.160628 0 0.367557
0.13563 0.178967 0.0709563 0.104525 0.0580806 0.103173 0.15854 0.0835296 0.0626089 0.0879541 0.0712536 0.043589 0.0824756 0.0692265 0.0950506 0.186907 0.208604 0.0927109 0.151511 0.180003 0.18966 0.0685337 0.0682053 0.127924 0.131485 0.251222 0.158079 0.167232 0.239987 0.0871622 0.189936 0.131085 0.0912624 0.0634458 0.137502 0.367557 0
