0 0.0106973 0.000130892 0.0218046 4.43982e-06 0.000801715 0.00240688 0.00592474 8.31905e-05 4.74568e-05 2.97244e-05 8.65365e-08 5.73119e-05 9.0895e-05 8.64208e-05 0.0276108 0.00200041 0.012645 0.0284694 0.00491785 0.00350505 7.76204e-05 1.37568e-05 0.00654266 8.06206e-05 0.00372097 0.0101111 0.0190294 0.00647208 0.000301679 0.00377665 0.0186421 0.00306408 2.4824e-06 0.000982258 0.00750652 0.0120119
0.0106973 0 0.000340974 0.000894128 1.17598e-05 0.0079555 0.0151024 0.000226094 2.94934e-05 0.000119326 7.6764e-05 1.24172e-06 0.000432809 1.01073e-05 0.00049847 0.00867078 0.00251374 0.000525002 0.00366636 0.0164744 0.00836573 1.5891e-06 8.68248e-05 0.0162632 0.000245878 0.00342048 0.00881709 0.00232723 0.00841389 0.00273211 0.00873673 0.000816945 0.00299225 1.91334e-05 0.00252814 0.00750637 0.0181399
0.000130892 0.000340974 0 0.000170463 0.000553049 9.57572e-05 0.000280131 0.000139676 3.01376e-06 9.46907e-05 3.88104e-05 2.52275e-05 0.000575597 1.95415e-06 3.32717e-05 0.000412698 0.000279157 0.000341602 6.61927e-05 0.000516162 0.000615194 3.92351e-07 0.000154157 0.00114788 0.000339295 0.00034708 0.00181833 8.09735e-05 0.000378786 0.00321368 0.000726758 3.50035e-05 1.87994e-05 5.70421e-05 0.00294431 0.000123303 7.32974e-05
0.0218046 0.000894128 0.000170463 0 1.4301e-06 0.000257642 0.00027931 0.00345125 0.000178444 1.31333e-05 0.000116142 6.74053e-08 0.000205302 0.000735348 0.000324015 0.00298658 0.000280128 0.0619109 0.0840445 0.00431267 0.000234306 0.000442586 7.98702e-06 0.00343499 1.53673e-05 0.00100355 0.00217384 0.0127461 0.000383998 0.000475679 0.000812876 0.0360956 0.00278008 3.16368e-06 0.00133908 0.0030077 0.0015832
4.43982e-06 1.17598e-05 0.000553049 1.4301e-06 0 1.94241e-05 8.19273e-06 2.83964e-05 2.36294e-07 0.000204757 6.63668e-06 0.00119858 1.42117e-05 1.35231e-07 9.31414e-07 4.4777e-06 5.99013e-06 2.89934e-06 6.74541e-07 2.68292e-05 3.16471e-05 2.32474e-07 8.6241e-06 2.60231e-05 0.000302309 4.67444e-06 1.44548e-05 1.29358e-06 9.43856e-06 0.000163009 5.46816e-06 4.5512e-07 1.62053e-07 7.33061e-05 2.95198e-05 1.52355e-06 2.33595e-06
0.000801715 0.0079555 9.57572e-05 0.000257642 1.94241e-05 0 0.00347155 0.000607254 0.000230885 0.00026662 0.000467952 8.35387e-06 0.0023703 3.6815e-06 0.00300851 0.000303368 7.92929e-05 0.000447843 0.000122069 0.00113288 0.000729886 1.05714e-05 0.000514057 0.0141008 2.53917e-05 0.000114771 0.000381154 0.000217736 0.000215074 0.000163533 0.000339807 8.15387e-05 0.000984513 1.70997e-05 0.000243724 0.000258354 0.000350153
0.00240688 0.0151024 0.000280131 0.00027931 8.19273e-06 0.00347155 0 0.000223041 1.58471e-05 0.00200044 0.000479759 8.22933e-07 0.0026455 1.16197e-06 0.00128281 0.0188634 0.00120208 0.000461886 0.00299448 0.00933911 0.0184077 7.96524e-07 0.0016364 0.00488633 0.000393564 0.00286168 0.00301296 0.00203174 0.00447102 0.00174705 0.0217769 0.000255503 0.00182579 3.88757e-05 0.00227028 0.00632229 0.00913294
0.00592474 0.000226094 0.000139676 0.00345125 2.83964e-05 0.000607254 0.000223041 0 0.000403155 3.08122e-05 0.000234053 3.98768e-07 7.46672e-05 9.68257e-05 8.95784e-05 0.000930738 3.15833e-05 0.00734021 0.00107092 0.000157343 0.000184556 0.00126335 2.20283e-05 0.000911432 4.43453e-06 0.000105347 0.000753967 0.00366226 0.000111972 5.084e-05 0.000786858 0.00141211 0.000826291 3.48093e-07 0.000478519 0.000327469 0.000167706
8.31905e-05 2.94934e-05 3.01376e-06 0.000178444 2.36294e-07 0.000230885 1.58471e-05 0.000403155 0 9.73758e-07 0.00124109 2.28099e-06 8.18981e-05 0.00144429 3.82544e-05 8.38217e-06 5.95719e-07 0.00112815 2.62184e-05 5.36148e-06 1.84009e-06 0.000157501 8.48834e-07 7.78183e-05 5.33243e-08 8.8024e-07 4.55061e-06 3.45327e-05 1.36553e-06 3.10637e-06 4.16222e-06 1.47722e-05 0.000592121 1.73837e-06 2.61413e-06 2.50021e-06 1.69184e-06
4.74568e-05 0.000119326 9.46907e-05 1.31333e-05 0.000204757 0.00026662 0.00200044 3.08122e-05 9.73758e-07 0 0.000157797 1.06513e-05 0.00123803 6.55271e-08 0.000126774 0.000354286 4.80129e-05 2.50815e-05 1.687e-05 0.000210967 0.00136214 1.5227e-07 7.67945e-05 0.000177479 0.000829211 3.91702e-05 0.000484173 8.54188e-05 0.000166014 0.000472949 0.000442477 2.56967e-05 4.75592e-05 0.00105902 0.000308923 0.000129733 8.92485e-05
2.97244e-05 7.6764e-05 3.88104e-05 0.000116142 6.63668e-06 0.000467952 0.000479759 0.000234053 0.00124109 0.000157797 0 4.05254e-05 0.00118186 8.75276e-05 0.00143737 8.52137e-05 1.22628e-06 0.00067626 1.50443e-05 5.42402e-05 4.95682e-05 5.77155e-06 8.80059e-05 0.000269751 3.70349e-06 4.2895e-06 2.33499e-05 1.7765e-05 4.36809e-06 3.5843e-05 5.4171e-05 7.58004e-06 0.000296771 0.0003346 3.45451e-05 1.31985e-05 6.0789e-06
8.65365e-08 1.24172e-06 2.52275e-05 6.74053e-08 0.00119858 8.35387e-06 8.22933e-07 3.98768e-07 2.28099e-06 1.06513e-05 4.05254e-05 0 1.19189e-05 1.36826e-07 8.374e-07 7.97051e-08 1.82234e-07 3.96351e-07 1.07278e-08 6.76627e-07 5.11327e-07 4.98067e-08 2.31683e-06 3.3451e-06 4.90671e-06 7.77971e-08 2.46597e-07 1.85929e-08 1.85794e-07 1.00902e-05 1.01636e-07 7.33792e-09 2.31724e-07 7.70169e-05 4.1785e-07 2.20866e-08 5.5595e-08
5.73119e-05 0.000432809 0.000575597 0.000205302 1.42117e-05 0.0023703 0.0026455 7.46672e-05 8.18981e-05 0.00123803 0.00118186 1.19189e-05 0 2.29844e-06 0.000817755 0.000558462 0.000174104 0.000417585 7.64983e-05 0.00065847 0.00176126 4.45361e-06 0.000194885 0.00156348 0.000167923 0.000165905 0.00274234 0.000108301 0.000555162 0.00467192 0.000869059 3.43729e-05 0.000575001 0.000284073 0.00184347 0.00023709 0.000104885
9.0895e-05 1.01073e-05 1.95415e-06 0.000735348 1.35231e-07 3.6815e-06 1.16197e-06 9.68257e-05 0.00144429 6.55271e-08 8.75276e-05 1.36826e-07 2.29844e-06 0 5.58312e-05 1.23541e-05 5.56154e-07 0.00084732 0.000121127 7.39063e-06 1.01782e-06 6.18014e-05 2.08277e-07 3.68559e-05 2.33554e-08 1.36968e-06 7.67788e-06 1.87995e-05 1.71715e-06 1.8826e-06 2.92579e-06 6.80495e-05 0.000101844 6.9416e-07 1.72425e-06 4.46752e-06 2.37638e-06
8.64208e-05 0.00049847 3.32717e-05 0.000324015 9.31414e-07 0.00300851 0.00128281 8.95784e-05 3.82544e-05 0.000126774 0.00143737 8.374e-07 0.000817755 5.58312e-05 0 7.25889e-05 6.68977e-06 0.000614514 4.0191e-05 0.000130097 0.000143356 6.33627e-07 0.000607541 0.00214856 3.31722e-06 2.81717e-05 0.000143217 4.26159e-05 2.81865e-05 9.36165e-05 0.000140872 2.01953e-05 0.00151058 8.50481e-05 7.95875e-05 6.98338e-05 4.45203e-05
0.0276108 0.00867078 0.000412698 0.00298658 4.4777e-06 0.000303368 0.0188634 0.000930738 8.38217e-06 0.000354286 8.52137e-05 7.97051e-08 0.000558462 1.23541e-05 7.25889e-05 0 0.00963618 0.00186674 0.0269946 0.0142714 0.0336191 8.74386e-06 0.000128185 0.00344618 0.00118617 0.0226624 0.032719 0.0180012 0.0297284 0.00172856 0.0890513 0.004901 0.00136406 7.75734e-06 0.00959132 0.0705055 0.0424658
0.00200041 0.00251374 0.000279157 0.000280128 5.99013e-06 7.92929e-05 0.00120208 3.15833e-05 5.95719e-07 4.80129e-05 1.22628e-06 1.82234e-07 0.000174104 5.56154e-07 6.68977e-06 0.00963618 0 6.31092e-05 0.00280725 0.00273871 0.013058 1.49422e-06 2.97965e-05 0.00144593 0.00339577 0.160228 0.0234991 0.00571278 0.122589 0.00193512 0.0077545 0.00164351 5.51633e-05 2.73943e-06 0.0198409 0.0633465 0.0603691
0.012645 0.000525002 0.000341602 0.0619109 2.89934e-06 0.000447843 0.000461886 0.00734021 0.00112815 2.50815e-05 0.00067626 3.96351e-07 0.000417585 0.00084732 0.000614514 0.00186674 6.31092e-05 0 0.00657926 0.000952952 0.000140925 0.000134979 1.78139e-05 0.00219283 3.27347e-06 0.000232594 0.00165125 0.00271105 0.000222439 0.000288616 0.00076668 0.00332379 0.00500468 5.51782e-06 0.000380185 0.000727071 0.000330559
0.0284694 0.00366636 6.61927e-05 0.0840445 6.74541e-07 0.000122069 0.00299448 0.00107092 2.62184e-05 1.687e-05 1.50443e-05 1.07278e-08 7.64983e-05 0.000121127 4.0191e-05 0.0269946 0.00280725 0.00657926 0 0.00648516 0.00242431 7.47533e-05 2.01712e-05 0.00162114 0.000166561 0.00884036 0.00535608 0.0523536 0.00399939 0.000235144 0.00525424 0.0496206 0.00285213 1.11931e-06 0.00126948 0.0229402 0.0167908
0.00491785 0.0164744 0.000516162 0.00431267 2.68292e-05 0.00113288 0.00933911 0.000157343 5.36148e-06 0.000210967 5.42402e-05 6.76627e-07 0.00065847 7.39063e-06 0.000130097 0.0142714 0.00273871 0.000952952 0.00648516 0 0.00537953 4.06251e-06 2.27268e-05 0.0124639 0.000308376 0.00546218 0.00630799 0.00407012 0.00429013 0.00340047 0.00629595 0.0041226 0.000242095 4.58464e-06 0.0115923 0.0128569 0.02263
0.00350505 0.00836573 0.000615194 0.000234306 3.16471e-05 0.000729886 0.0184077 0.000184556 1.84009e-06 0.00136214 4.95682e-05 5.11327e-07 0.00176126 1.01782e-06 0.000143356 0.0336191 0.013058 0.000140925 0.00242431 0.00537953 0 6.59178e-07 0.000179235 0.00123166 0.0141994 0.0130414 0.0177491 0.00949889 0.0475979 0.0026581 0.127004 0.00143602 0.000175307 2.87531e-05 0.0117687 0.0284069 0.0358428
7.76204e-05 1.5891e-06 3.92351e-07 0.000442586 2.32474e-07 1.05714e-05 7.96524e-07 0.00126335 0.000157501 1.5227e-07 5.77155e-06 4.98067e-08 4.45361e-06 6.18014e-05 6.33627e-07 8.74386e-06 1.49422e-06 0.000134979 7.47533e-05 4.06251e-06 6.59178e-07 0 4.95706e-08 1.09085e-05 5.9063e-08 2.49055e-06 5.02509e-06 3.46837e-05 1.39418e-06 5.14653e-07 1.65102e-06 0.000107775 1.1559e-05 9.10267e-09 2.84141e-06 6.93407e-06 4.32641e-06
1.37568e-05 8.68248e-05 0.000154157 7.98702e-06 8.6241e-06 0.000514057 0.0016364 2.20283e-05 8.48834e-07 7.67945e-05 8.80059e-05 2.31683e-06 0.000194885 2.08277e-07 0.000607541 0.000128185 2.97965e-05 1.78139e-05 2.01712e-05 2.27268e-05 0.000179235 4.95706e-08 0 0.00034647 3.49052e-05 0.000116824 9.8224e-05 9.56053e-06 3.80248e-05 0.000131537 0.000300416 1.42873e-06 0.000121759 0.000119671 0.000168106 4.41908e-05 2.18532e-05
0.00654266 0.0162632 0.00114788 0.00343499 2.60231e-05 0.0141008 0.00488633 0.000911432 7.78183e-05 0.000177479 0.000269751 3.3451e-06 0.00156348 3.68559e-05 0.00214856 0.00344618 0.00144593 0.00219283 0.00162114 0.0124639 0.00123166 1.09085e-05 0.00034647 0 8.25812e-05 0.0037938 0.013437 0.0009487 0.00582206 0.00204124 0.00165987 0.00103754 0.00141581 2.4188e-05 0.00335516 0.00316296 0.00410487
8.06206e-05 0.000245878 0.000339295 1.53673e-05 0.000302309 2.53917e-05 0.000393564 4.43453e-06 5.33243e-08 0.000829211 3.70349e-06 4.90671e-06 0.000167923 2.33554e-08 3.31722e-06 0.00118617 0.00339577 3.27347e-06 0.000166561 0.000308376 0.0141994 5.9063e-08 3.49052e-05 8.25812e-05 0 0.00305308 0.00121114 0.000815031 0.00581285 0.000210589 0.0032278 8.44079e-05 6.14366e-06 0.000127632 0.00257098 0.00250434 0.00269269
0.00372097 0.00342048 0.00034708 0.00100355 4.67444e-06 0.000114771 0.00286168 0.000105347 8.8024e-07 3.91702e-05 4.2895e-06 7.77971e-08 0.000165905 1.36968e-06 2.81717e-05 0.0226624 0.160228 0.000232594 0.00884036 0.00546218 0.0130414 2.49055e-06 0.000116824 0.0037938 0.00305308 0 0.029409 0.0159456 0.090837 0.00191516 0.0304896 0.0053568 0.000131385 2.59185e-06 0.0627768 0.168106 0.1297
0.0101111 0.00881709 0.00181833 0.00217384 1.44548e-05 0.000381154 0.00301296 0.000753967 4.55061e-06 0.000484173 2.33499e-05 2.46597e-07 0.00274234 7.67788e-06 0.000143217 0.032719 0.0234991 0.00165125 0.00535608 0.00630799 0.0177491 5.02509e-06 9.8224e-05 0.013437 0.00121114 0.029409 0 0.00244234 0.0783502 0.00516711 0.0259026 0.00256577 0.000692994 3.72088e-05 0.0165128 0.0353731 0.0166861
0.0190294 0.00232723 8.09735e-05 0.0127461 1.29358e-06 0.000217736 0.00203174 0.00366226 3.45327e-05 8.54188e-05 1.7765e-05 1.85929e-08 0.000108301 1.87995e-05 4.26159e-05 0.0180012 0.00571278 0.00271105 0.0523536 0.00407012 0.00949889 3.46837e-05 9.56053e-06 0.0009487 0.000815031 0.0159456 0.00244234 0 0.00816554 0.0004538 0.017737 0.0635139 0.00186821 6.24832e-07 0.0139437 0.0385728 0.0333594
0.00647208 0.00841389 0.000378786 0.000383998 9.43856e-06 0.000215074 0.00447102 0.000111972 1.36553e-06 0.000166014 4.36809e-06 1.85794e-07 0.000555162 1.71715e-06 2.81865e-05 0.0297284 0.122589 0.000222439 0.00399939 0.00429013 0.0475979 1.39418e-06 3.80248e-05 0.00582206 0.00581285 0.090837 0.0783502 0.00816554 0 0.00324526 0.027128 0.002411 0.000173675 8.65299e-06 0.00936326 0.0797955 0.106465
0.000301679 0.00273211 0.00321368 0.000475679 0.000163009 0.000163533 0.00174705 5.084e-05 3.10637e-06 0.000472949 3.5843e-05 1.00902e-05 0.00467192 1.8826e-06 9.36165e-05 0.00172856 0.00193512 0.000288616 0.000235144 0.00340047 0.0026581 5.14653e-07 0.000131537 0.00204124 0.000210589 0.00191516 0.00516711 0.0004538 0.00324526 0 0.00185822 0.000136523 0.000156347 7.03319e-05 0.0111332 0.000627234 0.000782664
0.00377665 0.00873673 0.000726758 0.000812876 5.46816e-06 0.000339807 0.0217769 0.000786858 4.16222e-06 0.000442477 5.4171e-05 1.01636e-07 0.000869059 2.92579e-06 0.000140872 0.0890513 0.0077545 0.00076668 0.00525424 0.00629595 0.127004 1.65102e-06 0.000300416 0.00165987 0.0032278 0.0304896 0.0259026 0.017737 0.027128 0.00185822 0 0.00284414 0.000520841 1.17705e-05 0.0445823 0.0786186 0.0428802
0.0186421 0.000816945 3.50035e-05 0.0360956 4.5512e-07 8.15387e-05 0.000255503 0.00141211 1.47722e-05 2.56967e-05 7.58004e-06 7.33792e-09 3.43729e-05 6.80495e-05 2.01953e-05 0.004901 0.00164351 0.00332379 0.0496206 0.0041226 0.00143602 0.000107775 1.42873e-06 0.00103754 8.44079e-05 0.0053568 0.00256577 0.0635139 0.002411 0.000136523 0.00284414 0 0.000578208 1.96721e-07 0.004166 0.0115182 0.0114497
0.00306408 0.00299225 1.87994e-05 0.00278008 1.62053e-07 0.000984513 0.00182579 0.000826291 0.000592121 4.75592e-05 0.000296771 2.31724e-07 0.000575001 0.000101844 0.00151058 0.00136406 5.51633e-05 0.00500468 0.00285213 0.000242095 0.000175307 1.1559e-05 0.000121759 0.00141581 6.14366e-06 0.000131385 0.000692994 0.00186821 0.000173675 0.000156347 0.000520841 0.000578208 0 3.03726e-05 0.000145242 0.000457177 0.000203921
2.4824e-06 1.91334e-05 5.70421e-05 3.16368e-06 7.33061e-05 1.70997e-05 3.88757e-05 3.48093e-07 1.73837e-06 0.00105902 0.0003346 7.70169e-05 0.000284073 6.9416e-07 8.50481e-05 7.75734e-06 2.73943e-06 5.51782e-06 1.11931e-06 4.58464e-06 2.87531e-05 9.10267e-09 0.000119671 2.4188e-05 0.000127632 2.59185e-06 3.72088e-05 6.24832e-07 8.65299e-06 7.03319e-05 1.17705e-05 1.96721e-07 3.03726e-05 0 8.37833e-06 2.92346e-06 1.51338e-06
0.000982258 0.00252814 0.00294431 0.00133908 2.95198e-05 0.000243724 0.00227028 0.000478519 2.61413e-06 0.000308923 3.45451e-05 4.1785e-07 0.00184347 1.72425e-06 7.95875e-05 0.00959132 0.0198409 0.000380185 0.00126948 0.0115923 0.0117687 2.84141e-06 0.000168106 0.00335516 0.00257098 0.0627768 0.0165128 0.0139437 0.00936326 0.0111332 0.0445823 0.004166 0.000145242 8.37833e-06 0 0.0292861 0.0137442
0.00750652 0.00750637 0.000123303 0.0030077 1.52355e-06 0.000258354 0.00632229 0.000327469 2.50021e-06 0.000129733 1.31985e-05 2.20866e-08 0.00023709 4.46752e-06 6.98338e-05 0.0705055 0.0633465 0.000727071 0.0229402 0.0128569 0.0284069 6.93407e-06 4.41908e-05 0.00316296 0.00250434 0.168106 0.0353731 0.0385728 0.0797955 0.000627234 0.0786186 0.0115182 0.000457177 2.92346e-06 0.0292861 0 0.297808
0.0120119 0.0181399 7.32974e-05 0.0015832 2.33595e-06 0.000350153 0.00913294 0.000167706 1.69184e-06 8.92485e-05 6.0789e-06 5.5595e-08 0.000104885 2.37638e-06 4.45203e-05 0.0424658 0.0603691 0.000330559 0.0167908 0.02263 0.0358428 4.32641e-06 2.18532e-05 0.00410487 0.00269269 0.1297 0.0166861 0.0333594 0.106465 0.000782664 0.0428802 0.0114497 0.000203921 1.51338e-06 0.0137442 0.297808 0
